x_0 x_fit y_0 y_fit flux_0 flux_fit id group_id flux_unc x_0_unc y_0_unc iter_detected
4.1679578900137875 4.051608807966109 447.5341352566441 447.5584691454797 89639.08782617337 78651.97928312923 264 255 3416.8188301821688 0.12462866657297228 0.12430209354217533 1
11.800741557245587 11.80575835711289 527.6569784230265 527.6302164956021 14421.8705004114 13217.582459559335 317 306 402.6234170552684 0.08712171302870562 0.08714821537196425 1
13.600876992612783 13.671781357059308 576.26148731273 576.2378710417345 481740.5026942049 438578.957525896 338 326 13627.897296954334 0.08888427185480213 0.0888913181396589 1
17.123910635091285 17.124358468755798 503.03197373393493 502.84338048777386 8484.171151188499 7489.689975248287 301 291 315.5924341218588 0.12050949678363623 0.12052308733717403 1
22.59825154119965 22.621238024953414 186.60989578317202 186.45198616861347 6169.643233801651 5875.951342808146 112 107 142.92792823661478 0.06959101615723341 0.0696185786938795 1
38.4956547760488 38.52267662704733 948.5731094114159 948.603427078124 361472.75607638364 328387.9644244241 473 460 10114.750787354822 0.0881357503217866 0.08813330006690276 1
43.782029995374025 43.610413456183444 629.3150077349961 629.5125004672909 5451.408378601844 4986.407483473062 365 353 175.61989586459177 0.10075507676823028 0.10081673068396972 1
48.54867473202987 48.578256318651164 63.610265363863775 63.489917952066854 13793.539204894525 12669.129054834926 41 37 361.1382952981044 0.08156050524418439 0.08157799035778243 1
51.71327048725909 51.74832410577561 349.5456919756581 349.56285477519754 71261.71180212735 64462.493803371966 217 211 2073.918929066129 0.0920247126998406 0.09205460148537861 1
52.34357851550735 52.29552867297558 654.4129358755318 654.324575340973 59142.12986142056 53650.631730154004 377 364 1715.9235898574625 0.09148247021457105 0.09151119262759709 1
54.7862651949663 54.76094615980589 892.371798700309 892.2879338860259 24853.53545120435 22966.944577993418 459 446 654.2552733188858 0.08146780835548677 0.0815108982330939 1
57.26126211672963 57.27075570158959 617.5468966070731 617.5873243212795 12468.402544196755 11213.96456256961 359 347 366.90110851211773 0.09358352281989075 0.09361370249893716 1
61.72922389278625 61.59032398882424 991.8561804859391 991.8396148351283 9869.031485744608 9026.820514000585 488 475 272.2315432371762 0.08626780982012393 0.08627351135683559 1
63.87026592122679 63.837860359810705 47.94786226691072 47.90918763426415 36095.09608898957 32972.77216935051 30 27 989.1543866466023 0.08580271247418667 0.08579919917912988 1
64.85533981850264 64.87891474977438 957.300795226615 957.2645367276094 388368.48381395766 352814.8104178662 476 463 10964.640788473844 0.08886590434910716 0.08892364985384235 1
66.49170220928622 66.42452363801384 291.3785929651643 291.3521968129184 36196.98353284405 32859.512077700434 178 173 1037.9615720204922 0.09038032581234973 0.09037316898721098 1
68.80165897814474 68.83528663601068 275.04430223804394 275.02279447549546 53502.59133335287 48726.68427559942 165 160 1504.9391859138625 0.0883360345484347 0.08833400294007743 1
72.18228212640776 72.25506105047856 79.59707119331947 79.51325267886521 6302.079449238951 5842.581941026454 54 50 171.5792386321695 0.08400330175709617 0.0840383518229364 1
72.80667134763164 72.7607951685473 227.47372646995623 227.38238762234633 8329.147625805319 7790.343999415907 137 132 201.05457398964282 0.07382012315324828 0.07384071048758105 1
76.39108473506882 76.37221728775891 139.05887138069284 139.0191213967577 143055.066348972 129849.63154584255 87 82 4020.986888195179 0.08859456342584673 0.0885647100584954 1
79.88219149534494 79.88481528881522 403.4614130215744 403.391797844694 8308.180616738742 7525.852265654615 245 236 247.26250902056645 0.09396461766813316 0.094009378731795 1
85.85714159948593 85.88269987975843 624.5953362139733 624.6091144023419 530568.5845469865 480361.7360652321 363 351 15131.057656939167 0.09008342908860159 0.09012259272524009 1
94.00790195765258 94.03705383192039 1017.5977788840407 1017.6170095095423 13784.538000157954 12796.617215225591 495 482 423.2265439208606 0.0945689421440994 0.09463466275078944 1
96.89653980665287 96.81501312252809 290.2653831050877 290.18907048867806 28053.32949174428 25379.52415158371 176 171 818.5583187817945 0.09224810593261812 0.09225391919134188 1
98.38196490549979 98.4053536969634 188.7317533935657 188.73320945532382 35621.44243032369 32156.473320030786 116 111 1043.4307110220755 0.09284101733569933 0.09281763672715816 1
99.65681149606482 99.68542536091107 764.5711044401736 764.5225578374672 64983.46122952406 59352.68833010563 414 401 1766.860955641269 0.08514796263305532 0.08518844349938844 1
103.73557972201131 104.0234637547144 599.2078093265449 598.9995455646549 4752.970931416299 4326.328844669543 348 336 169.6240018411493 0.11212465621796121 0.11214268047699717 1
104.80722455763542 104.87525827906323 204.99305448484094 204.95741566986177 82262.73240774198 74489.64261758579 125 120 2349.591583758417 0.09021410398627003 0.09021266652729192 1
108.4780389582183 108.46984165957677 911.4897895037101 911.4937858732293 49005.12365942681 44451.53827725212 462 449 1384.4909464365649 0.08911046617475026 0.08916439582789223 1
111.86761106975368 111.8960147447073 495.7775470252422 495.75995329524784 34050.78918593609 30782.490855351487 299 289 989.3670135855251 0.09191957644762092 0.0919364459474013 1
112.19037025307253 112.16992170174757 1001.3181633933518 1001.2937607757602 18659.658283551038 17024.263229449327 490 477 497.4845324585964 0.08356195197836759 0.08362041028518509 1
113.47805521499991 113.47759519482403 71.62743386954648 71.58894202554114 28443.270900416806 26042.775735535364 48 44 755.6511319309333 0.08303417552602727 0.08301838685722265 1
127.3388429941998 127.39254574364713 46.53261529784825 46.57853378075626 10210.787267587384 9493.627274492816 29 26 259.2150829882104 0.07812077683328447 0.0781230050218395 1
129.58819548792462 129.7754978345718 764.639908300157 765.3363764782208 4549.250234479879 3994.1383154461014 415 402 278.13034553068223 0.1991499701727936 0.19925390257964523 1
129.64693115343272 129.78897166625413 917.569960649832 917.5206802436505 9710.225884674073 8952.167543576552 466 453 254.31868170512055 0.081242198819705 0.0812991003683422 1
130.78866388112382 130.77332442249792 247.00600375486457 246.97369489208015 59860.605109000906 54117.73001868154 148 143 1723.758592245673 0.09110620922159426 0.0910979537626122 1
132.37760757262552 132.32152661233062 668.1291290659783 668.0657991288441 10197.708035983487 9156.221159347191 386 373 317.9392459564964 0.0993265149396313 0.09932286282903625 1
132.4344732096417 132.4692952674047 771.9838082696009 772.1397296296518 5955.093573507144 5517.184143224937 8 7 169.82832367049338 0.08807403560130632 0.0880548364660835 2
132.98177964712445 132.97995040604127 125.60870927453684 125.58303129060126 12749.908921298498 11710.820338695887 77 72 337.13070907910924 0.0823339265629256 0.08236727411910548 1
133.22017806758782 133.27907399288745 1004.5999905485388 1004.6430106560168 34826.523800080846 31635.832792527388 491 478 968.4198819306195 0.08754711600490352 0.08758643227335339 1
141.158675350837 141.15560693924917 561.7950464099996 561.7989918006422 98485.1433817663 88743.8597547788 331 320 2924.9763227011845 0.09426493965017972 0.09427736261938449 1
141.7880071527585 141.75470120299173 979.281166604757 979.2056995071375 13391.046189199104 12107.979680289433 485 472 381.1482362492627 0.09002244950789413 0.09006544566776796 1
143.34021298309588 143.36355199902417 9.155095366681401 9.132841305588096 484581.16638913105 439795.82893340505 4 3 13660.317796411546 0.08886376720012626 0.08883660951460494 1
147.15807801007358 145.85518172053557 569.4649234228402 567.8753656369697 20392.961414272366 17669.235053024175 336 324 567.5841845713601 567.5841845713601 567.5841845713601 1
147.22721780709114 147.22948223758274 680.2582598644328 680.2524697415507 28646.442277843562 25881.891924820306 388 375 835.8945365195397 0.09237092598080417 0.09239688791486832 1
150.28043929404166 150.1620915034692 844.2685052957685 844.2161982872292 8441.993394473186 7719.5018723875155 445 432 234.4232709527149 0.08684362262595036 0.08688061375554153 1
151.2513687587618 151.2319159137557 303.51981197482434 303.4965169299196 30030.003288274424 27186.528357974592 190 184 861.1511161966799 0.09060397510475321 0.0906467042996091 1
153.4200210308503 153.40025443966715 876.1390237618423 876.0951325274824 18059.549477246674 16591.8711393219 456 443 482.1901792140854 0.08313689415814056 0.08313559819398177 1
160.32274446936108 160.33847560555142 821.5678754948135 821.6393563848311 85892.44163247317 78108.9229988748 437 424 2406.2933843381643 0.08812122575762202 0.08814060916408145 1
163.2881444126247 163.30623381978407 463.16081104638926 463.0901695252473 47308.23373884167 42282.75289133882 276 267 1533.0706743888952 0.1037172481998558 0.10370477043501447 1
164.89830945297504 164.90131169224185 662.9619048860459 662.9230814202274 15183.453825839471 13683.138805569986 381 368 451.923894491681 0.09445258542730012 0.09446890955939603 1
164.9960845068315 165.0080209054483 920.4358319662771 920.3775555406016 29821.42632952585 27087.22730633102 468 455 834.2886602163633 0.0880711932332608 0.08814669757252826 1
167.49647053085914 167.61288707189098 991.6715242817334 991.6585734954615 28537.44136587848 26102.561934366306 489 476 767.974063218447 0.08421342713070581 0.08417870933492862 1
168.1116435932632 168.03310911613744 793.9915274586651 793.9736600018791 42519.549332132054 38439.703019599474 429 416 1218.3784919510094 0.0906382535798497 0.09066293785722407 1
168.5161993840242 168.40795199757164 109.02291241978868 108.94027401752565 4468.164302729413 4218.072624287195 65 60 112.87056554832826 0.07659715482284894 0.07653074198302355 1
168.8015602171672 168.814445918673 620.9975081515189 621.0108406854109 11600.349966888605 10344.832878629371 361 349 371.0670191667444 0.10258670182946977 0.10259692944134172 1
169.35663773858758 169.27284625192672 454.50247273387106 454.53253940378846 50156.916069756975 44983.39094742903 267 258 1830.3238923142956 0.1163885973447257 0.11642981763963965 1
170.86340928767893 170.81385109122795 759.4016062955188 759.3617956030333 20875.886986000303 19074.395000615423 412 399 576.2172305586943 0.08639250545586662 0.08644451848561262 1
177.5570729969323 177.5492606909943 271.0056606582613 271.08183502437095 7654.43804170084 7013.154537524351 161 156 216.25919205018363 0.08823270266566872 0.08819483611768855 1
178.4296253008808 178.32876692450253 133.22849157439455 133.2069887540317 54813.81197597967 49627.10196302495 80 75 1576.4885911627123 0.09087842550734654 0.09086240408212487 1
179.9561694729269 180.07575715925924 150.55692713749974 150.33102018113874 5532.862572798039 5194.603983321835 93 88 153.72519168859714 0.08463879386746745 0.08473420664298309 1
184.46178137855938 184.45511678244392 722.287901187811 722.2278620172799 10062.204420274838 9135.442227723592 403 390 299.0427702252355 0.09366035920420804 0.09364753018388662 1
187.29361122236625 187.3160134248992 809.9253141521664 809.9261194750595 31574.79755057418 28700.939188949953 433 420 881.6086249884786 0.08786127803796744 0.08786344705711314 1
191.44765656078727 191.44231649452584 936.4082324139517 936.2720043857346 11020.89298928268 10032.406713602095 470 457 312.2128614521807 0.08903255607922818 0.08904539816531033 1
196.80418157004195 196.86695098269794 279.6369029756879 279.8467527776975 13642.539956662627 11948.4963975438 167 162 619.4392872601953 0.14827347386476403 0.14827740544739476 1
197.86184218707777 197.83989859154806 312.30508429831883 312.26138107892467 48629.93728959847 43965.40293486073 194 188 1400.5622850827679 0.09111157599213358 0.09112684201546797 1
200.03971737190727 200.0113847344484 155.59535942016888 155.56362760290799 26578.455351243054 24142.91577015459 96 91 749.504127078637 0.08878798440333432 0.08882657343552479 1
202.3297881754897 202.29359749429258 291.9887842020788 291.9328097642031 99347.29871486728 89889.9855603066 180 174 2860.70425167394 0.09103782852817978 0.09101956509818437 1
203.68044244162763 203.6491427971147 852.5112278733378 852.476680626493 6801.646199135726 6287.10364612003 450 437 177.3531758314321 0.08068838234669222 0.08073451456951923 1
204.02929272003308 204.0789403957943 637.6269224165402 637.6975250049954 13382.726272209093 12037.070992612038 369 357 413.24736071910036 0.09818167856472931 0.09821141250245441 1
205.69061230105984 205.56524099837995 374.06797546758185 374.0527091174843 10579.4449364119 9622.86412201282 235 227 304.457110145127 0.0905247580763046 0.09049101087742434 1
208.45500933068072 208.39558238838805 359.80603519520946 359.84251226746716 21128.890426234368 19171.990803429915 224 218 610.644989338189 0.09112930624736687 0.09109912413355982 1
223.09958829692476 223.1219625139041 611.8254349264968 611.810709290871 67746.3366161581 60433.55715311864 354 342 2149.852869070493 0.1017384769969667 0.10175412254737615 1
223.37090375808194 223.3827182867257 263.53947240433564 263.4511103774872 15162.468519284532 13665.896213859078 155 150 448.05061477329804 0.09380425093430252 0.09383552589895082 1
231.01285035203446 230.9820088751374 566.6623181831981 566.6787376582429 82761.96526230451 72766.79187624034 334 322 566.4227111065652 566.4227111065652 566.4227111065652 1
231.4440771951131 231.46208754442515 66.0041836419475 65.98392571353818 61014.95586560526 55418.88368087408 42 38 1717.703746815927 0.0886969223071515 0.08864441118881587 1
234.80939477207178 234.78315481918952 612.1725961910884 612.1572281226927 32279.366461373902 28599.12362684127 355 343 1112.9857000358618 0.11130441035535643 0.1113206805728253 1
239.42957664577622 238.79074357859517 566.4783667840095 566.4227111065652 36276.77944817035 29793.647751750123 333 322 2.0 2.0 2.0 1
240.49309948938387 240.29354513553986 489.72054923838203 489.6620147410731 82511.53636619463 71715.13948155577 296 286 3214.3303640972417 0.12821218938174347 0.1282214404065155 1
241.49209962217947 241.42734203359782 180.10532620882404 180.05582253001057 92241.0880905378 83154.08143756275 111 106 2756.5241617603774 0.0948544816504136 0.09480822238369534 1
241.73524043616231 241.75309996210794 755.7722861251256 755.7695461362385 120092.49625341529 108352.71720069122 410 397 3498.5105928298144 0.09234544782417708 0.0923623658750343 1
241.97170354973912 241.89146828006395 505.4852857465167 505.30161859189326 6342.213986267036 5536.489267197858 303 293 244.7621883941213 0.12643412133658793 0.12647755668969338 1
244.96301549211321 244.9764815800676 434.58994806968866 434.60310680616084 66833.28428740955 60408.179321191696 259 250 1915.3336528917944 0.09067858598990088 0.0907132414228243 1
244.97175482224227 244.95266948052648 466.9475863852191 466.9322783746298 32479.68518778848 29164.16616748 279 269 985.9977656174569 0.09668943236197212 0.09669647819945579 1
245.7994415582599 245.79945600555186 820.3151755533637 820.2700895530388 43239.16564824118 38898.246967324245 435 422 1364.1596131976307 0.10029364775954944 0.10033969875864203 1
257.09691536826233 257.0158681547089 477.9889896006284 477.9541703708967 59044.499249751236 53224.633483578655 287 277 1764.04183368522 0.09478690633349043 0.09479371409687136 1
258.4688869913672 258.46327144313005 50.87685021334485 50.83126227584278 550387.524379708 499894.0854380891 31 28 15478.090451789876 0.08860583236907149 0.08855765907885331 1
262.511746011177 262.5940512203359 637.5810929318505 637.6124522160559 11018.644814247955 9924.344107518958 368 356 337.36543235123133 0.09725095883156099 0.09725791283897485 1
268.3658589795129 268.4309623135511 792.9865315214421 793.0008683341977 30570.188339580298 27833.068187318237 427 414 866.024124438768 0.08902175030044289 0.08900055054780691 1
271.96151404075124 272.03934393470246 189.9725871731836 189.97800360004697 15705.175301072359 14341.887466923172 118 113 442.37834309086526 0.0882188965428553 0.08821668638150251 1
273.06371688387594 273.0691968369207 457.11900749568514 457.06984397044977 79261.12529275767 71540.38238515327 269 260 2314.601215279244 0.09253071164206605 0.09253694673707792 1
274.6040007076535 274.7611986554232 266.44748961472345 266.45945235631234 6866.039143095762 6165.262097490951 157 152 230.6829385282737 0.10702357144644084 0.10707224995396555 1
274.91742454497904 274.90865926855423 52.53962273286869 52.50466171737702 33606.625490129816 29991.874988585085 35 32 1089.2362600294696 0.10387195897151011 0.10393000299056075 1
280.528554796151 280.5645646080218 140.67876498338353 140.714839101794 17753.957260211762 16143.689568797834 88 83 493.44565840471745 0.08745693557652148 0.08743336745740807 1
282.0409705586407 282.0668384836721 826.6901181544316 826.7927486053972 24743.081955929025 22483.55125669646 439 426 696.0315440880294 0.08852784698612268 0.0885552883384488 1
284.18741616213026 284.20487227159634 114.59106750059269 114.60592165532171 138070.78729009608 125025.73178999402 72 67 4073.8872287514346 0.09320403054373408 0.09322374933263854 1
288.3919589551053 288.3700194186722 44.14343889716536 44.13217061036991 10651.783403942505 9639.618130099792 26 23 326.1143255246543 0.09679314501196866 0.09675783876503721 1
288.710176458955 288.77023684281295 662.4529849635474 662.4761212985343 28578.979729852967 25880.67312724521 382 369 828.03814634083 0.09150557946352748 0.09157435868808735 1
289.31425431753564 289.4594556907491 525.5133187670141 525.4101842964617 8194.544022831313 7414.446432395472 313 302 248.42947391636784 0.09587902464368223 0.0959069710881353 1
290.6641224840939 290.70839795113744 273.8624203747035 273.8331091118956 91382.7105340002 82511.13982466939 164 159 2631.6886462037846 0.09123606252531005 0.0912244322886472 1
290.73627467999114 290.7407210773918 606.446750399454 606.4222755981966 39558.247081854766 35748.102189800826 352 340 1160.1191418206001 0.09282059667455636 0.09287002494661667 1
296.15044568063934 296.06879197687647 468.9686211758158 468.99217936679236 14650.534334687687 13082.380886981162 282 272 470.6476051175625 0.10288943488311034 0.10289388697601526 1
296.4176420289824 296.4239428182036 317.9372774429447 317.9183462305287 91176.37932047884 82467.8607830642 203 197 2634.3744892540726 0.09140481897241387 0.0913615151628477 1
297.5207948006567 297.5686036135968 555.199856072452 555.1645585137005 115249.7816543893 104158.06908565339 327 316 3336.6052554668677 0.09165071617582068 0.09163117032907961 1
297.96628561471493 297.99038002014623 62.79360401708826 62.77084610076198 35038.93071879372 31711.73220612539 39 35 1001.8003818723233 0.09035181404242282 0.09035899522326386 1
298.62140264915695 298.68689249731335 883.7639350443989 883.7628889939622 13587.222966294083 12388.368671061507 457 444 381.11397528583194 0.08798928106675045 0.08800552627702794 1
301.01266761549005 301.05605508870576 213.0237192733399 212.98488155012055 74542.67055866728 67442.04806266907 131 126 2161.6205579759717 0.0916697400185378 0.09166657916256436 1
302.2612712860773 302.3298497276384 20.579836657946355 20.542700059777992 10697.173041806396 9989.59685950008 7 6 267.27251604889256 0.07654381760904287 0.0765572385415362 1
307.3772830032482 307.42659828256865 600.6799750257309 600.594352176918 14232.826699891139 12777.128879973921 350 338 437.34058405420524 0.0979362517509648 0.09793069367760573 1
322.3062079002431 322.294869013003 129.19310816953103 129.05114230180058 20791.09267004418 18666.30844191311 79 74 671.7086774218149 0.10294414614016968 0.10291611248950269 1
332.4113195337572 332.49891960899623 611.7454503062509 611.6954241308931 19752.011579168986 17881.03794657027 356 344 578.3565599909374 0.09256414794757477 0.09252639690666176 1
335.1792211091895 335.18566296287156 33.780119945303525 33.7474392881143 809596.9065134086 734366.6185762745 18 16 22939.589221810995 0.0893500274499518 0.08934949905425334 1
335.33820304210053 335.38107537429323 771.7671544705893 771.7659369714531 57662.616610566874 52289.808503327906 418 405 1648.215879530417 0.09017573641973103 0.0901663847173762 1
337.7108951651904 337.7942074563125 821.3108201656946 821.2322470993985 21586.2672721257 19519.031425731035 436 423 641.9419514236821 0.094054809891619 0.09409044136004666 1
339.8804428070177 339.8785664749919 201.59688472043965 201.53999229189486 14129.014330017188 12654.904247910428 124 119 438.1418231068943 0.099024157214642 0.09906707266541505 1
341.76437991458374 341.8107807348456 187.23615456698894 187.12432782272361 23299.905392112396 21006.589378586923 113 108 722.8148881264468 0.0984180022266752 0.09841240139165827 1
344.2780624423247 344.2740989732648 480.85879096070755 480.8754119528017 29685.592138795546 26756.236593149144 289 279 889.5277495890066 0.09510026320286216 0.09508682525329738 1
346.49125488815207 340.35097470567973 39.583422293420945 35.908536736149834 26592.755801254985 64836.31874454605 23 20 6448.381624923304 0.26620449590910156 0.19287635059745595 1
349.6051955316764 349.60623438759114 21.019256796053703 20.972348747957955 64881.17462474308 58103.68494833432 8 7 2034.082931540759 0.1001585940081809 0.10012026459526367 1
349.99027231716576 350.04462671392696 305.62064673507757 305.3855096742357 35214.40407277432 30618.54795865249 192 186 1290.8118532929534 0.12057442000749735 0.1206810444497879 1
356.09560785877915 356.1039485042092 72.98181953946023 72.95072726462024 109215.6340793965 98697.35774040976 50 46 3157.3333468107685 0.0914977370076953 0.0914895359021518 1
358.3094999089343 358.35934898941 43.059826153245666 43.05948948624077 17429.914879387605 15406.758525307454 27 24 628.1058360748182 0.1166421302358025 0.11659458382628834 1
361.7034550079943 361.65224682475264 968.8091086767218 968.8359092694227 7950.017494241331 7380.782810554904 480 467 213.13426519427247 0.08259384351196702 0.08260560582400013 1
362.2008383160732 362.1774059717999 303.5916889206766 303.62723310817086 34207.92365076385 30844.700461268443 191 185 1067.509429263068 0.09899297110607123 0.09901103472372975 1
362.69249279839516 362.7624035767046 335.34441025549415 335.1827270183482 10524.887642830508 9447.2928990284 214 208 339.74963401932183 0.10286470586108311 0.10286323320537498 1
365.5789037477223 365.69753113709004 133.56800837699114 133.5207611494441 27979.53716797769 25116.069036276083 82 77 867.4687820254273 0.09880093658738537 0.09883192541681267 1
366.7737541265354 366.69931556930436 350.9890518683782 350.90760879231374 17496.881937950235 15724.932680814765 219 213 540.8500473934155 0.09838642324576856 0.09836938099275978 1
367.9423885211979 368.0232970296086 33.56312600375471 33.49524424722047 28536.758221773744 25806.999028007525 19 17 864.6134793832923 0.09582243637853664 0.0958766753351816 1
368.543158521065 368.838465155422 668.2752106221996 668.339092473365 5375.06342472704 4924.754725238198 385 372 171.09354129414822 0.09935770589447866 0.09940357904885082 1
369.8479729219256 369.8893020616541 549.8464650225459 549.8401562638345 211175.51489656244 190390.65257083066 325 314 6165.409489738114 0.09261368352658914 0.0926222962987864 1
372.88805853632647 372.9206294394047 50.97856885239181 50.955987792365356 50732.479269466174 45845.31259101715 32 29 1472.181164537523 0.09184381391231532 0.09183783935927141 1
373.0354797448508 373.12741001684174 295.90727770954436 295.8764969247578 30022.874251176007 26893.520453377856 184 178 951.6767280388495 0.10121329870391049 0.10120781483576857 1
374.28071242516484 374.2896269519862 802.5329765097073 802.5553368209853 915142.3314189672 828228.314988108 432 419 26204.561280133956 0.09050027322257558 0.09053251682375095 1
378.10736616150325 378.1606870597081 1004.6181787233312 1004.6200195501827 37176.076511000945 34064.23286541408 493 480 988.2557243003833 0.08296414700533268 0.08300901668127503 1
388.4686354689906 388.473586107783 209.31016648008656 209.23238382859117 71808.19907414204 64853.881559094654 129 124 2106.2228215780456 0.0929429869146698 0.09289328592468518 1
390.5766265368963 390.6298953611977 314.1774455174983 314.1568010663939 168164.26738846872 151610.75218110284 197 191 5008.303022220425 0.09450527586456169 0.09448342305820266 1
394.78203954013037 394.68641842050346 23.11069919934491 23.048273639035568 24844.470556840115 22416.795905956642 11 10 737.3236471654204 0.09409190554480724 0.09406757285034456 1
394.96977379313887 394.9961824411715 793.5005030007138 793.4664333874445 57260.648521336916 51745.83425189289 428 415 1678.5098874201312 0.09276284301254097 0.09283529924291017 1
397.80843910306237 397.83431715483914 232.9632749497773 232.96900305679492 30581.58576314129 27651.090860381337 142 137 892.2126155739818 0.09228967399221083 0.09228127830716538 1
398.2690297616877 398.2813516721545 284.8703184278654 284.8806258895382 89856.82108959006 81107.34831053307 174 169 2599.308916364715 0.09167914854751563 0.09165706604056119 1
398.9517992346469 399.0215768152183 578.1798862405118 578.0987434560599 44238.43804363207 39876.19735688562 341 329 1308.668502362715 0.09385712328484415 0.09386833263215799 1
399.695450985155 399.7334211223797 702.5946174188265 702.6393781883689 49144.05405534684 44368.30665640434 394 381 1460.2734508921908 0.09413620922624323 0.09415966905960368 1
399.81354768686197 399.8434274004479 103.51138064760357 103.50803522551901 97416.94626811985 88507.61100164903 63 58 2742.2776434142206 0.088619693470863 0.08866216768034321 1
403.21512448534605 403.26908776530956 150.5351067537766 150.45502606042083 19583.7538347611 17723.866648137824 94 89 566.9488484089551 0.09150765393929397 0.09154871855431142 1
411.4543407249802 411.4548132452835 319.7910100657218 319.7937743896983 108453.83571282936 98421.95808645421 205 199 3079.5400930304277 0.0895404978633813 0.08949249565393837 1
412.36926139880114 412.4292986566405 757.5225574014238 757.498994977243 90358.84434751338 81672.03859411868 411 398 2596.386730932649 0.09096009858216682 0.09097435222829169 1
415.2459984394152 415.3129936630419 231.80760744832767 231.71712676020655 13254.958122089265 11955.171004749842 141 136 414.0980575833544 0.09909403901692815 0.09907740944141169 1
416.87399463996536 416.94843743069566 538.6258735227797 538.5860860198388 19206.887851083313 17284.482606148602 321 310 583.7347482957277 0.09658675207133668 0.0966247490167652 1
417.839369763039 418.0010669202159 483.075266390405 482.8696950104915 7695.4247098518745 6805.497393434696 291 281 280.9203888332587 0.1180554318801912 0.1180608596172797 1
419.3032486976766 419.2850983165874 960.8518114061302 960.836699250937 61458.65597131677 55772.17830684121 478 465 1737.1910498198772 0.0890893089500517 0.08910052929998698 1
419.628735231351 419.67888113112014 460.49947848868163 460.4612808996716 36011.10555580737 32369.489076323178 275 266 1093.972902350012 0.09667636492205237 0.09671749410100419 1
425.8511721604106 425.9526234437881 316.6745993681234 316.6842137960705 21473.3305766788 18942.327973473355 201 195 813.070067695429 0.12276400826899159 0.12278447140138765 1
428.09629167107516 428.1063638271085 731.0827827799894 731.0812930558883 15805.6060470282 14243.987590125964 404 391 479.0222375974174 0.09617757204280127 0.0961927726915318 1
428.3028394521188 428.42525280603263 259.59779967745277 259.56343944358673 23925.848622386337 21355.621124086145 154 149 789.4585520526088 0.1057834061230196 0.10576871072343257 1
431.1614467090842 431.18816077022234 112.99085411669306 112.96622466358833 182430.12876557914 162892.6104941423 69 64 5610.162884115691 0.09851584014939559 0.09849716166899651 1
431.17166875734017 431.1861398914119 476.00547023234554 476.0035669708632 39428.69460495838 35421.774842584586 285 275 1185.6695384401642 0.09574213380270617 0.09573368577836272 1
431.4195941349244 431.39928017755113 335.14506818783093 335.0910585974119 85424.48259325679 77229.57568537758 213 207 2484.6911719208474 0.09205718869037748 0.09201514714967024 1
432.7194135670017 432.8527422561698 623.9789636412579 624.0012260547185 46079.476528091545 41612.60955523905 362 350 1354.0348687566093 0.09306062892775063 0.09306671336601816 1
432.810158685815 432.894816623499 146.13005968972288 146.21974274101046 55872.052268934654 49462.35321413743 90 85 2012.1714495943527 0.1163534525680442 0.11635760082822255 1
437.8768385521822 437.9345752829724 229.05245447518078 229.0484139139602 28169.66078546772 25542.64933320847 138 133 816.2750681394613 0.09140136193745492 0.09139617569871308 1
437.91247741475763 437.811127865029 135.14272457373158 135.33136486920125 12908.892646577608 11297.472928080306 85 80 559.1797677447335 0.14157278220785458 0.1415928371695278 1
437.9261103679884 438.0048677342539 838.8731993863048 838.7946088701917 14426.688485594279 13017.709570007552 443 430 425.64534419248275 0.09350445514076841 0.09353067266837334 1
438.01810428261473 438.07020325649745 376.7061915786863 376.69117659616603 87194.2199356696 79104.1982577904 236 228 2507.6666389806333 0.09066783712062682 0.09068073100550184 1
438.12204533271694 438.1532365676513 581.1011131324647 581.0749256963661 110328.19232589466 99313.75803643129 344 332 3246.064283363755 0.09348315577932412 0.09348488408118581 1
438.273907767815 438.3538071152667 319.6344838671919 319.5996403962221 67646.9281665008 60732.62860807335 206 200 2107.807657005476 0.0992979589998344 0.09929248453125945 1
438.83991611125475 438.76801636551556 412.67888143999954 412.89360676639865 5559.236703180839 4996.145174358638 249 240 196.282075438447 0.11237173671626705 0.11236153939522545 1
441.13559114720795 441.1599414455344 257.5007663135956 257.48093691542806 81486.82357907192 73845.12465328246 152 147 2359.7214176767 0.09140214646627487 0.09144642940826962 1
443.40673320258765 443.3972210129046 161.97412428009216 161.92810646756058 75232.77414373397 68249.55700457808 97 92 2168.2164128460386 0.0909034742565825 0.09085619550121805 1
448.37808510206463 448.43522799313564 615.0724173679695 615.0483824385093 16228.87911921286 14528.49196539163 357 345 514.4136253312937 0.10131496025051247 0.10127030140037664 1
448.4405213789474 448.4432489264649 327.3957714547749 327.3581370987677 47954.268084536285 43200.671517573624 209 203 1547.5392843851316 0.10251029451717132 0.10248446708824618 1
454.24397081025523 454.2771983768713 485.9913309853306 486.0536941959428 44656.24721913345 38872.48393304544 294 284 1563.6082088612172 0.11506598982055123 0.11504338047645454 1
454.7512403834787 454.82978684359773 714.8504225275556 714.9034697410358 26912.176330158607 24287.105674581766 398 385 792.9363940230907 0.09337267979413595 0.09338197175823748 1
455.49423892918645 455.44551548167016 88.9601360412005 88.89720253385062 12209.304756165668 10939.140960426335 59 54 386.25934023315875 0.10104782987540517 0.10098337977924185 1
456.2559617720193 456.2554910810803 228.75892097695257 228.7577409488436 93583.48786919747 84870.56079500949 139 134 2686.964197115502 0.09056738945134657 0.09055401681526172 1
456.58479913783384 456.63331261369126 126.21960873496597 126.14756033177503 30546.109219533995 27627.109053368364 78 73 925.9788522093713 0.09588915039441698 0.09586050896770835 1
457.81950545375827 457.9063151331141 339.10839014229504 339.1218883288606 11436.375930693534 10227.890626587294 215 209 377.81758617422975 0.1056516152235564 0.10565134858777005 1
463.6057545496706 463.6420976279812 270.58438828671444 270.55848109748246 80053.58705634146 72502.24582503599 160 155 2300.170043872764 0.09076159942503985 0.09077242573304939 1
465.21624761634075 465.6295315170859 257.9056717650017 257.6700915852708 14939.143400997473 12337.598966208414 153 148 257.48093691542806 257.48093691542806 257.48093691542806 1
468.55362482427114 468.5667352176589 208.55825361812904 208.53474830495725 11158.198899098921 9844.963031110236 127 122 392.417607498204 0.1140489013536475 0.11405242654108708 1
471.6274069005794 471.6819036203831 248.98113400387408 248.96708887874408 79955.52227301955 72340.62936114085 149 144 2341.1219641250536 0.09257839286103818 0.09255386678126108 1
471.6879141889642 471.689416899699 597.5374856425324 597.5574149781052 46307.65976080774 41825.195152116554 347 335 1353.2697862430743 0.09255145789623846 0.09257637240799686 1
474.66596132686925 474.7166987023682 751.3946192110365 751.3172585064241 154488.97439724332 139523.3256148048 408 395 4565.658365702248 0.09359493200297331 0.09362672604506488 1
475.53352010406354 475.5929172535505 106.07713125648938 106.06756328370166 620088.6221088271 561738.211575684 64 59 18123.00946152637 0.0923066283173456 0.09226767863310462 1
477.0465769138138 477.089157551613 395.65968300794475 395.66542340565144 83881.50331209404 75751.67587426095 243 234 2448.0661123135305 0.09243169859689253 0.09244615333805421 1
481.59041799606297 481.31120972842626 385.02461901488937 385.8278613344733 13378.809138868355 11403.889067527543 238 229 824.2871151268447 0.2069622199050594 0.20715925807838928 1
483.0898591911146 483.15752169559227 476.2335159096552 476.1974704272459 37419.47568185284 33537.89446741741 286 276 1145.011514379593 0.09765109274005733 0.09765467192045195 1
483.69668378443765 483.73692510035073 284.5656355886835 284.52942257001746 49195.857507746434 44293.86626790325 170 165 1515.5222584070343 0.09787166101740075 0.09790176494656154 1
486.38937975505246 486.4035346285398 567.5701173253838 567.5841845713601 75235.65720760253 67652.92256640164 335 323 2263.6270094728397 0.09573745373466333 0.09572865371391556 1
486.6039019860749 486.6293970493746 177.35236792069423 177.4173219083534 8744.663218307436 7487.357284290273 109 104 341.26721365493574 0.13039826665951734 0.13040987872741533 1
487.5670385886064 491.9109444585211 91.11548561350052 88.19825396983742 60348.48340730774 64112.10198741118 60 55 88.89720253385062 88.89720253385062 88.89720253385062 1
489.6244223379 489.67437594595674 110.13404667734426 110.09815307586392 776164.3851905208 704249.4410079367 66 61 22322.62843312559 0.09067699008978485 0.09065169889792961 1
492.06345377934224 492.0880598608195 146.63051427139155 146.608437701538 731409.5833964349 663421.3319076558 91 86 20920.491817754697 0.09019585450161288 0.09021535381463583 1
495.5526720343751 495.5968358984471 433.01749466148425 432.99603423742184 271848.09731196385 246120.4677906458 258 249 7813.679053838461 0.09082900960327057 0.09079705652650545 1
496.0999353833074 496.1429049833027 588.6985587165906 588.6991052517263 89331.98850038325 80814.02714722943 345 333 2568.166878637967 0.09089217158837168 0.09090404720046949 1
496.30694432854614 496.3051726600983 299.20910150546297 299.1776675454628 50592.81672178748 45626.38820491546 188 182 1532.3128583905366 0.09607984610090348 0.0960551521757078 1
497.57724479825674 497.68836807215087 85.79848562208264 85.79168472944099 530472.2128174102 477813.73776847223 57 52 16284.810239694501 0.09749786233179644 0.09747885895495356 1
498.2565960023644 498.2745783279776 540.5205181323507 540.5000694068367 190649.48672836326 172788.11998327027 323 312 5403.203831878838 0.08945424183934518 0.08948272761846991 1
503.0821377162463 503.1182955368793 277.5953755519259 277.57389078427997 558205.06551227 506517.03826242033 166 161 15804.16089574969 0.08924549385379832 0.08926934278912851 1
506.1109984449208 506.0296046386572 450.83459867016006 450.6853919829673 19142.308456168128 16958.48089421401 266 257 684.7630229195538 0.11548646761099632 0.11550441561060355 1
509.44860088475207 509.4210148258745 123.94884420066577 123.92079078204218 618960.8946661243 561628.9711663258 76 71 17544.586197947374 0.08939369190488348 0.08933854259266172 1
509.7309441056346 509.7194863346073 576.5448887505007 576.638850807856 9560.687302785524 8465.571110248808 339 327 335.14522137821416 0.113240312495681 0.11325588158595935 1
510.5368858811681 510.53002474031064 439.02115587900164 438.92187527728504 35087.90294804978 31150.131991172148 260 251 1188.2604655929074 0.10915133126844677 0.10909810054581968 1
511.1997959695584 511.2339335476654 986.386407182295 986.4240503117076 7876.523294244918 7197.468691787022 487 474 228.22972306975643 0.09068950538049614 0.09075879348993594 1
512.9479058974797 512.9514889263928 22.92292734471385 22.89210900268641 19728.39319310584 17871.293936869697 12 11 566.6720451784638 0.09069203270515701 0.09068349872113941 1
513.1366617684753 513.1342334201618 520.8244090664176 520.8315755251418 138387.79878012557 125018.02174118411 311 300 3991.2052610710116 0.09131182665258378 0.09130965084550702 1
516.245141329372 516.2377822993625 918.3696414969639 918.364710121065 60818.11491809193 54754.17783184701 467 454 1813.8291988030635 0.09474602682609443 0.09479711288479742 1
516.6293641848572 516.6115155585777 549.9346013366041 549.8884070604026 29077.78449145892 26096.9584677775 326 315 896.1299328793651 0.09823731575311133 0.09821086679517137 1
518.5519945699253 518.5738448964314 317.03786961407275 317.004220931938 107228.05462256318 96803.1921653289 202 196 3180.8750221974847 0.09401618844822317 0.09397453314002895 1
519.2629889354561 519.2532000763555 190.15254192044713 190.08029282419918 117517.30983393808 106737.29058704189 119 114 3330.998332155934 0.08927573712810075 0.08925022131046928 1
521.3253440039462 521.3566853208682 696.3035908057763 696.2398813782047 113458.40592329491 101211.73437183938 393 380 3508.481882764294 0.09917306786042114 0.0991650463340373 1
523.5931505862144 523.5914019468479 750.532840755282 750.5520819587693 82617.41359781206 74776.79566305879 409 396 2415.687180498806 0.09241929418655104 0.09243566188130896 1
524.0903807509742 524.1141950120705 784.0415772923533 784.0568666756731 38532.395653086685 34808.870804537844 424 411 1123.7837059147962 0.09233106640322322 0.09234318769963605 1
527.3811729352515 527.5568350128954 37.45924604675746 37.672065419763314 8854.8353280867 7613.740178925288 2 2 355.28842435442755 0.13358885355416267 0.13361215144339744 2
530.478869079077 530.2812884125209 693.857791145143 693.9338093782096 74813.5834421876 65787.0953852857 392 379 3479.7147655789067 0.15130530330176684 0.15128251677015142 1
530.8974993806681 530.9116447465462 409.9379555092659 409.9314984497954 120216.8234867637 107973.39203047515 248 239 3689.3581634838292 0.09772721180303225 0.09772190136253023 1
531.247040258684 531.0645006987893 758.7732974521077 758.5732505194408 18225.903563772168 16061.374783155588 413 400 879.2043291792866 0.15655195950936418 0.15662179006996252 1
533.5525715199959 533.5661936851678 173.83923493900815 173.8166864070376 28669.466917591955 25796.474274776887 108 103 858.5128091466847 0.09522409517042328 0.09518324462310813 1
534.0020513568267 533.9567167241538 40.431474775267645 40.355246424572876 20674.33897173492 18455.37156115989 24 21 713.2610174083127 0.11054034768983205 0.11056017937199898 1
534.206640903593 534.2219516161874 71.32185284399347 71.26265201318121 158747.29713995036 144198.60305174347 47 43 4525.50994713925 0.08977778320842632 0.08976720335540724 1
535.0222003614313 535.2019198256929 13.912975645613136 13.910072020314164 14346.471564624631 12773.708379253843 5 4 540.2263429852085 0.1209794677536661 0.12094951271538354 1
535.5616287414726 535.5334454319502 318.5406641541143 318.5635878966416 14940.378247560784 13349.270312574912 204 198 486.77660453666573 0.10434153786281493 0.10432937287097559 1
537.8928521554811 537.9354701955417 240.4952936351281 240.4327012705687 63442.21067276525 57493.687834500866 144 139 1843.9455357311356 0.09173129386277289 0.09176724816850633 1
537.9743743378222 538.0036971659597 941.4594667050063 941.4495116107946 10175.980021877365 9207.842308941828 471 458 305.751128878969 0.09495417541651215 0.09504357869744302 1
538.6870361920005 538.7576811738852 577.4551744165724 577.364007761162 72144.81695380312 64957.500602500055 342 330 2209.223723965728 0.0972779053159291 0.0973092175710845 1
540.1354497009738 540.1487820896956 102.22699606072193 102.20346708888735 74258.67695925817 67406.94341425285 62 57 2127.2059237432295 0.09026805595375378 0.09025848229745467 1
545.882123612801 545.9026865349373 488.41962336596873 488.3809192327816 77655.7877028554 70454.62443056445 295 285 2242.5415837900414 0.09103440285116375 0.09106964363916766 1
547.4618858016743 547.4829150702822 81.35570532815635 81.36102700671366 16445.147353164517 14713.371943416849 56 51 566.4279628558361 0.11018521572750412 0.11013049590053473 1
547.5021761657314 547.5158696999146 332.4600458395726 332.45994027251044 39870.49678042494 35815.93784197587 211 205 1202.8257927917518 0.09610039686293263 0.09610119589357362 1
552.8563188917375 552.8380926756251 905.09977364471 905.045794653926 14708.749970215738 13249.694538636186 461 448 441.05270507698975 0.09519545267858978 0.09521708986428294 1
554.4123807645617 554.4789073768084 536.6587514972116 536.5824977513448 14562.833729843605 13129.063873951747 320 309 457.7475209081898 0.09978248174185288 0.09974876058599613 1
555.3594420323845 555.3463385113365 58.007164318132865 58.06258156973343 84776.40504907013 74771.59409400208 36 33 3092.311442408533 0.11833091868126194 0.11827296569796325 1
556.5989498940731 556.5989711610348 120.29679529758519 120.1888638026552 47118.00820891193 42819.85254729836 74 69 1355.197133843086 0.09055083525108447 0.09051834502425347 1
556.9717020425287 557.006839469003 932.70280574094 932.6914967487622 13388.291410665794 12097.479657295118 469 456 394.6443710936578 0.09328829078693604 0.09332459258771006 1
557.3891806105105 557.9334661910453 33.11722746333928 32.70454937466622 53190.14618642572 43272.633931850236 20 12 4089.633081784282 0.2719654212672132 0.27103830765150444 1
558.8971333419449 558.8946180495841 371.6360254242338 371.56508534291834 157515.74163836634 141295.69425771513 230 223 4811.328556134733 0.09739281731365607 0.09742373022679524 1
559.3122821286174 559.2898778003301 627.3477399640868 627.3855305651077 92592.67950619097 83942.84206918583 364 352 2646.550849956662 0.09019108384161947 0.09021192644755073 1
561.8243610344989 561.8547063274804 515.5023905742378 515.4983548277718 233802.19575222276 211537.60095481115 308 298 6682.16522975085 0.09034754493275783 0.09039156169445396 1
563.9081866204519 564.0688321675716 27.62681959026635 27.725131764209948 124070.53990838866 108686.27369656341 13 12 4089.173504005081 0.1081792693157792 0.1079646912801053 1
569.6866018512899 569.7249213912986 483.0824425902902 483.03001670314586 159778.75074867654 144955.24821541202 290 280 4600.7754087166195 0.0907884601158649 0.09077377243964782 1
570.4543323102445 570.3414855973007 720.2067989606742 720.2423748213099 27643.600624703628 23967.28013961132 401 388 1167.7826765920117 0.13939281134500292 0.13938433997183658 1
571.1684113986992 571.1043314845991 34.54025823208916 34.55868381973256 146751.52533831896 130514.70535984305 21 18 4763.1024716914335 0.10438794007796472 0.10441683091540621 1
571.8704417335032 571.8748629010371 852.9149678534092 852.9185642794205 44086.80246551009 39940.09185018365 451 438 1246.6029217438806 0.08925953199096938 0.08927446037872769 1
574.3705603152879 574.4033623810559 444.4402661059234 444.3696374138844 58265.64615070964 52715.67033931931 262 253 1700.200494810217 0.0922883516260169 0.09227407543239206 1
575.7014927589224 575.7250759795608 917.360694285675 917.2938362120947 103691.80378005639 94387.3344954078 465 452 2929.9165871350697 0.08877947542867551 0.08881626108965605 1
576.420832217402 576.4484920782709 72.11762886503695 71.89300274577263 11317.2768319039 10321.349060422304 49 45 335.3230619998495 0.09297863675172444 0.09291135115007727 1
579.6851919150287 579.6535299932481 787.6813409230691 787.7180318923503 66469.53149984906 60095.6111429165 426 413 1934.2038827559031 0.09206587958026806 0.0920684593128064 1
580.2079663910207 580.1859129950462 677.6898979675699 677.6583732013779 9652.186365884878 8595.822886673799 387 374 318.216955887926 0.10588743169743219 0.10590224239034815 1
582.397702969789 582.3682376889695 720.2952453030501 720.2945461849205 75208.6967421673 67819.06190051486 402 389 2260.994883176909 0.09538278310656643 0.09537891449484796 1
582.6600247022263 582.8275612493374 170.1971644428161 169.9618634897722 511116.82055227604 447216.90902308084 4 4 19098.7216104421 0.12215244635642523 0.12213041703660119 2
583.2073252728273 583.2403512335694 638.9171547888071 638.8857285627131 119262.07847036407 108230.6944519208 370 358 3392.340433786703 0.0896581603750264 0.08964509380160915 1
585.0287186760539 585.0542791326131 570.4927870023606 570.474522449993 89447.15000559446 80855.55327427216 337 325 2653.8906593983374 0.09387437762026316 0.09393443950733696 1
585.1652159691464 585.1922724226829 272.17378395316433 272.1423390096806 179411.70207454506 159410.65391715858 162 157 5735.107547170791 0.10291338748147177 0.10289382632769782 1
588.4127014309988 588.3999380907076 44.79378322949175 44.865985700189874 56511.60788364596 51210.6182250072 28 25 1685.5665309504786 0.094187411850787 0.09413111063650001 1
588.7651077865835 588.8114767545707 133.40180830282907 133.38226827202217 341417.1477791089 310571.82207276236 83 78 9673.36590467773 0.08909171220612487 0.08910706405612538 1
589.0089229623134 589.2915796419313 217.16791514883792 216.63011956370465 12044.831170043875 10613.30284200099 134 129 567.4280306487635 0.15295772343000003 0.1529423052988131 1
589.3251994904037 589.2047395074806 165.30227489897115 165.30722705768042 891701.6165739045 797702.8552570201 100 95 32861.743148331225 0.11784425907631421 0.11783881319862742 1
590.360546753622 590.4108007158279 13.770547853210061 13.744670442819588 102020.31244326828 92751.10914365339 6 5 2894.482101185211 0.0893038604503488 0.08925806773955547 1
591.0607005295262 591.1344062514743 186.54082588945542 186.49904724157383 87978.49704743661 78236.54086070263 114 109 2912.1431158693135 0.10647135811868566 0.10651155897779639 1
593.0265533200563 592.6639958395785 263.09815883005956 263.39990964709517 29695.190115871894 25695.363718479082 156 151 1785.055687036275 0.1987384111751117 0.19875720161791519 1
594.2037312384581 594.8877249722143 503.00957222867544 502.4633421185084 13319.631970166363 11607.735275000708 302 292 676.5799333954222 0.16713742485993946 0.1667989648407466 1
597.2384312210152 597.319002779428 321.30216085059027 321.2559045263759 59658.08496357499 52862.627575405764 207 201 2057.746186983119 0.11137014474691566 0.11134267477072607 1
599.0397179176591 599.2113413820272 498.3527355515318 498.230132167031 9059.906078339887 8393.243856558338 7 6 404.7442540361663 0.13794058583592603 0.13793562088841385 2
601.4165710028132 601.3745434393168 29.160627238400817 29.118438941038324 80436.57317214568 71919.69195873987 14 13 2542.925508821853 0.10117444186279674 0.10111811804634366 1
602.371792873363 602.3810920560601 187.78658067390688 187.77869676728832 89651.58307118554 80496.3877273482 117 112 2878.588085740048 0.10232726817290336 0.10227730019706463 1
604.3019705862524 604.3501660704375 562.8413566895819 562.8267132975583 740048.7469174819 670669.9679716561 332 321 21050.283814627597 0.0898012219599373 0.08976925015764278 1
608.433452704686 608.4046195488075 228.985890238098 228.99242292459772 68503.89348493255 62058.021144118204 140 135 2019.1993922163783 0.09310902671153916 0.09304948004599996 1
608.9279089485918 608.9475557696513 732.5478444884254 732.5493751592362 30361.55858863318 27399.966637518664 405 392 876.010582261411 0.0914352382632444 0.0914774893890009 1
609.5982021340375 609.632418805006 406.8230716228767 406.7341460110664 106942.52750524577 95980.39082309208 247 238 3279.902582326539 0.09776386523856766 0.09774299486281733 1
609.9826867811297 610.0014416303072 244.85274258361997 244.78732854628896 112873.95086658992 100941.23919953432 147 142 3581.655153715888 0.10148816676585605 0.10148229315639555 1
611.3036541736427 611.2523831035535 170.91235282647287 170.87334072752623 48827.7648648371 44097.32703635123 106 101 1477.1703355604207 0.09583148934941248 0.09579943205374429 1
611.7181190377684 611.7620492002808 314.5170655778898 314.58301510583794 172038.73006523974 152806.5377403669 198 192 6170.836840212338 0.11551478596545137 0.11553375285222946 1
612.3182493769554 612.307032161486 468.50666228455674 468.45434368806286 56627.86175742798 51356.18973136591 280 270 1639.1383949409703 0.09131336123882121 0.09134017985991534 1
615.1300215033827 615.164451298528 360.0899804227633 360.0124292067062 37399.01733660214 33204.8739554373 225 219 1251.8937870300165 0.10784500530425072 0.10782219619374543 1
617.5237071376185 617.597085859696 484.57513419108886 484.5888311551557 68749.16229911703 61988.25525084224 292 282 2068.3109221124932 0.09546132117928122 0.09545806212815988 1
620.6860179216461 620.8075136436211 538.9955748544919 538.7589006204884 16794.798727390356 14732.631276360642 322 311 700.4822696821338 0.13599340908674648 0.13599362674624355 1
622.2056629663069 622.1837064478864 855.869620339467 855.8911696821104 94017.85716124269 85042.23907640275 452 439 2702.233814549358 0.09088102670341876 0.09088479069641751 1
622.5614758257491 622.594287971959 429.30745341508424 429.25308763073144 95974.53977087756 86993.52565385083 256 247 2792.722986318923 0.09184727708484369 0.09182730745308701 1
623.8293865682517 623.856105421546 272.9514402762651 272.9394988082049 679503.9726148245 615627.7002131753 163 158 19422.855933282415 0.09024102473058154 0.09022632869727579 1
624.0315935868808 624.0103393771586 529.1729398633772 529.2335836774175 34159.53847688767 30550.166016390085 318 307 1086.4382510751566 0.10171164986571872 0.1017235517790829 1
624.3332594076567 624.1810662682874 641.2403371088122 641.4442175015113 45590.00615212826 37860.12841265308 371 355 1173.1291816714113 0.0913937704253679 0.08919979129100103 1
624.4721936898534 624.4906183409604 189.96465875212877 189.94900108539014 59679.78561972301 53871.851273727705 120 115 1786.0100560073317 0.09489327677786874 0.09480938467283803 1
625.9168803298019 625.9337033287502 766.6291063065703 766.6468290583392 9648.828902180334 8656.736375658927 416 403 308.9231046900361 0.10205801814185657 0.10208871478160568 1
626.232569627326 626.4838198117363 241.01734575318173 241.09532699249453 8125.037987563134 6900.600158147077 145 140 401.41531844521637 0.16649830954746528 0.16636017644240778 1
626.6856499650743 626.6828043230543 1009.7688006265818 1009.7713387258751 48939.009699569004 44604.65286553647 494 481 1358.1091451888174 0.08708426219124293 0.08709886598922001 1
629.0706676256996 629.3474370106688 637.8986266462529 637.606038322719 34741.632366568025 23742.351953090736 367 355 1173.4051943413208 0.14519751419690383 0.1427748837124349 1
632.2586595591658 632.3090367379126 209.0452665200996 209.02882271273498 87529.09719740198 79156.58183373237 130 125 2556.74247739827 0.09241251156393362 0.0923700525207145 1
632.8285052292398 632.8477655007138 412.03710740431046 412.0113556671283 66028.04061298248 59701.75835569348 250 241 1924.785081931796 0.09221409822376889 0.09220225818703968 1
635.1486217662508 635.1573194152288 351.04289291997446 351.0126836728501 329163.4287659611 297081.15058516007 220 214 9656.470391730396 0.09297762023516316 0.09295713628254518 1
636.1163650868748 636.1931406488958 168.62767345760943 168.61899700942723 48962.19992152324 43424.80773263008 104 99 1681.7805435927526 0.11078804410192328 0.11079066986331179 1
639.5830235258672 639.6477818826237 442.1366150280213 442.1244628571737 72265.05862730999 65370.7589265956 261 252 2107.5990971012375 0.092234132636822 0.09220964534287777 1
639.6756275231712 639.739702846346 243.7584537766149 243.7464039987392 90652.41280266715 82176.81910878241 146 141 2627.3996284251907 0.09145925715745952 0.09144674543679693 1
642.4786195460863 642.4536359676333 716.050992954097 716.0546194988838 61366.423421682215 55459.82698431526 399 386 1795.6719148130674 0.09265584801716167 0.09260455589607293 1
643.979438657754 644.0993635157464 661.3323321846303 661.290522460772 16684.037866476123 14934.906602888605 380 367 557.2815475784167 0.10672228390494586 0.10674730186502003 1
645.2188783380939 645.2933482811777 644.4731265331906 644.4225002788663 13938.773793365674 12506.67474080359 372 359 454.21061547992764 0.10389548848683879 0.10392334606157941 1
646.4393494721141 646.3883652098262 166.41222076702078 166.35206072233572 48786.724925092734 43272.14023532587 101 96 1767.3475355394723 0.1168737185619452 0.11683605815843358 1
652.3916416758891 652.4354591738264 684.2661939684172 684.1921481112647 55485.069001782875 50158.302882494376 390 377 1618.320794171459 0.09232744360207522 0.09228838581258553 1
653.3044550120453 653.2913123061111 913.0214326084061 913.0170411383228 65723.73643704427 59160.804149761956 464 451 1977.3664611482286 0.09560843361171854 0.09560152398868806 1
654.2399798113903 654.2780431424786 30.4943950280445 30.498643392626366 33292.1262654591 30021.611795893354 15 14 1024.7951760057 0.0976605768559834 0.09767835388329588 1
655.705055777491 655.7393377866812 660.2538720096668 660.2147445788954 26844.347980630668 24225.69190409225 379 366 799.4647785482514 0.09439223233606714 0.09439755916650847 1
656.8322847341299 656.4302774575415 315.28176452319667 315.1799601004247 111574.959521438 93532.9890470926 199 193 5193.988422626682 0.15894231485671806 0.15882384258568433 1
658.2031710386028 658.2298469607733 139.75648883870488 139.73019799638297 53455.50106300881 48369.35736296053 89 84 1555.4462601318296 0.09199620469306004 0.09197685576895155 1
658.4016653801812 658.4364443693318 370.8486875808279 370.82473793049627 125241.26610790564 113180.23000581884 229 222 3644.024939586865 0.09214185601481772 0.09208052429825547 1
659.8287853569994 659.8676133196818 404.00651798816983 403.9754792192212 47834.21473841148 42870.275260620016 246 237 1504.772032702398 0.10039603302230103 0.10038184691809648 1
660.0909999050086 660.0405817116987 708.0494221999929 708.1023375529047 47368.772609572276 42655.5567918603 397 384 1397.1405338532036 0.09367664476141326 0.09368286462013244 1
662.0005705001514 661.9447570370453 646.8399846011276 646.9774801330298 7865.913529250549 6946.128542736045 374 361 280.5371214886542 0.11550924290766865 0.11550833224514485 1
664.9625586469065 665.1672448556828 212.86937009605202 212.95294349087814 115024.09617221859 101664.1644666161 132 127 4925.701615621392 0.1385964460372399 0.13855674194576595 1
666.5358515337241 666.5717195818481 347.5779620125705 347.6576357465978 70119.70040562405 62317.119753015286 216 210 2456.2948600578793 0.11277918685820265 0.11275007201285936 1
667.4840762850396 667.4938851767953 36.77750927543742 36.764359756219754 174277.6330674345 156652.23961666776 22 19 5184.6926610705195 0.09473635904012634 0.09465868161720786 1
668.3584921086076 668.3521957609448 357.59139234744663 357.5062347102629 52950.23437738831 45513.750157780356 223 217 2081.0471652341535 0.13082959236922173 0.1308308595870513 1
668.7650673957687 668.809399086546 284.0306535615129 284.004147500683 156178.91160851502 141078.40818572906 171 166 4554.592355764077 0.09234515145054434 0.09232540596936545 1
669.1969784873934 669.2698823395456 296.8710338559721 296.5968397580502 17661.95327845659 15364.95814182835 186 180 769.019999606659 0.14318993151828963 0.14318263535462544 1
669.6432053723571 669.6485494157496 684.6366425400385 684.6759561678679 44069.25900248245 39662.802143095316 391 378 1296.3615978014595 0.09349915285648708 0.09349626168189595 1
672.0235423602116 672.0506886249125 253.22696354914663 253.17916035728746 667913.560605479 605995.8222543496 150 145 18899.987343194756 0.08920845405296385 0.08919877875541492 1
673.578172107251 673.6393961517482 829.0741942112096 829.0520173929636 28122.644364678057 25353.975488397187 441 428 844.3353481574659 0.09526116020206694 0.09525177617735504 1
674.5178813372208 674.5966855532647 959.694659154649 959.7005693115874 12290.106375053518 11142.720663262859 477 464 361.9997004205693 0.09293412132938093 0.09293733576257096 1
675.1419955473186 675.1648064717791 478.9696282464968 478.89936036948905 47645.39275778542 43048.78458621922 288 278 1382.8754563105065 0.09188755997772373 0.09186928644742151 1
675.1506847435529 675.132623675786 417.8055967901818 417.7609701968423 504284.069583513 456741.6363635561 254 245 14359.77746037457 0.0899300909393402 0.08992096323839271 1
675.5948038516241 675.6462896954048 221.64419272143937 221.6412732326519 933088.2616728239 847416.8348653557 135 130 26442.86708910928 0.08927270325409023 0.08926142434518092 1
676.605468040898 676.6772647275297 445.48925805514887 445.4222076297756 34255.23406073887 30868.16863439548 263 254 1037.9693035906585 0.0961930663081184 0.09621343428054621 1
676.9804725615096 677.0085746974721 520.4464415363417 520.4324918395413 58020.34738791514 52554.517540948415 312 301 1671.012132637596 0.09094007233243845 0.090981396410801 1
677.0310904902092 677.062199019183 749.6799979201427 749.6191748260485 18466.846726639887 16767.460740104387 407 394 542.9915583228948 0.09261833773349627 0.09264391213173086 1
679.9059577344706 679.8332440165783 839.138858222941 839.0991626917915 9047.323805593009 7976.196994500214 444 431 374.38270771083717 0.1342386093487055 0.134256889260323 1
680.0261114662904 680.0380681526029 187.4085427581563 187.32681766048208 257702.06730589992 234403.54431862594 115 110 7282.977977089518 0.08887109228361899 0.08887688506473711 1
683.0183727025474 683.1463901378755 777.0078183141384 776.9775753085369 5886.737367481549 5160.425918950895 420 407 242.044095978679 0.1341527689071886 0.13414960630757283 1
683.3256373479054 682.9890567393913 349.9694149197354 350.34118721340985 9052.188708887386 7904.536544832093 218 212 511.95886991640236 0.18525063838704667 0.1852808616330817 1
684.0570215998919 684.1231830955192 310.372221869024 310.24140316189266 10366.928278792535 9226.309918292252 193 187 366.8814758667354 0.11374427870482073 0.11373580741973514 1
685.2446172038923 685.3073098108414 766.5424166212173 766.5866769752352 13814.551250259787 12521.556550712148 417 404 422.1107336576862 0.09643985759173952 0.09644557489125953 1
685.5423946832077 688.8417593103528 287.1026955116801 288.65648128159717 13840.114472294645 12429.289088740896 175 170 284.8806258895382 284.8806258895382 284.8806258895382 1
687.668423693582 687.7285197500394 663.3974061587288 663.3859932379555 41839.08905509589 37805.25527670882 383 370 1246.5607453619746 0.09431498984722869 0.09434604641237732 1
688.1749105026537 688.1450391572529 507.3940026891683 507.3633951851439 52228.185554222866 47324.16436895882 305 295 1520.1307552978003 0.09188009679805062 0.09189865384349448 1
689.9929108282098 690.0213831999438 41.89508820504267 41.872381890046036 30757.18239282714 27859.332416707664 25 22 888.7622311025222 0.09125014784180466 0.09123263925834747 1
691.798744476666 691.7154575324564 843.3624090045367 843.3161910249303 17627.54183669437 16055.968663710022 446 433 508.3379403313583 0.0905556287936782 0.09058441322120568 1
692.7606189156776 692.7476540558987 964.6625717227927 964.771596269419 13579.329898187432 12431.240894115253 479 466 378.95001532733284 0.0871836837582275 0.08719840443830332 1
694.3177726273922 694.3215157631166 430.30677887179024 430.30300056103835 79027.87365383076 71297.35348816041 257 248 2363.90654757979 0.09486226066740037 0.09484316332085671 1
695.542471771826 695.645345682793 292.004298590593 291.89413839883207 77565.32722559274 68585.13744644081 181 175 2998.730302395956 0.12508723710655656 0.1250388040981557 1
698.1539214811112 697.9946331662078 656.2825792521146 656.3940050852623 17876.559926406135 15978.716149525275 378 365 630.0187839524427 0.11276722557731376 0.11281773120853976 1
701.4050223541855 701.383636193722 575.5984029638365 575.5981260836813 114907.00845801401 104522.6162143029 340 328 3241.9926212432124 0.08875326559995945 0.08873367119780495 1
707.1448267777971 707.131651969924 283.2787095966483 283.21544210367017 723036.2215139036 656411.5475732682 169 164 20501.591314619396 0.08934118256689506 0.08932882986268027 1
707.8951814081186 707.8986133884185 973.4506242939608 973.4681690695239 38286.32226336073 34541.317930797006 482 469 1129.1623333810855 0.09348399872408063 0.09357109774107479 1
709.7547019783768 709.7861733121068 237.76959115475523 237.8404070346796 120961.61233255338 108152.77295647365 143 138 3948.823109812286 0.10444077999645308 0.10441788604771672 1
709.9476984398636 710.0154947082353 147.0151484251194 146.96568239277366 138338.81389354935 124732.17058368948 92 87 4195.693694200344 0.09621531474542375 0.09619329070254784 1
710.0801044350804 710.1087641794827 554.3762604784023 554.3845525490777 59696.94231030517 54163.471340471064 328 317 1715.0648425727236 0.09056962995264117 0.09059604660717145 1
711.5662568679857 711.6005483757632 450.5950332038384 450.5422353384062 89145.82477025613 80482.49111753042 265 256 2628.223318261607 0.09343081001897219 0.09343201842953405 1
712.0941993024821 712.2865118071815 122.32857511746374 122.11608952627168 13317.56478903432 11857.856180184262 75 70 466.38311159296705 0.11252995820875883 0.11247809393634821 1
712.1770349259051 712.1914201535299 703.9634618766147 703.9357463936948 43847.50701247674 39666.56591550178 395 382 1259.9290586243826 0.09085485778894216 0.09084192154443788 1
716.7216781006209 716.6555917420468 415.4234702554406 415.2845835942243 174899.24872712424 157442.17410388263 252 243 5741.24635559807 0.10432205192574362 0.10430897232658227 1
717.365230711038 717.3807316242595 507.2264758433517 507.1695549379623 60569.939288896385 54605.463993518366 304 294 1818.9889324826352 0.09531932652826124 0.09527392971562045 1
717.4290517133956 717.4832771960839 776.9859419314079 776.965995984968 18495.908866487396 16692.685111423845 419 406 554.3670745127394 0.09504719975987824 0.09498235439489437 1
719.7666810478773 719.8359501484539 795.2863767550667 795.2674159665285 62627.47717090501 56705.84179119524 430 417 1811.2270711045373 0.09135076159553057 0.09137570215235404 1
721.1414518258018 721.1256479477106 620.1365897763663 620.055603971577 62703.0384367146 57048.095719591234 360 348 1779.387292627929 0.08921542428979386 0.08920545628356351 1
722.1355641959809 722.1515374151636 167.14321655704478 167.0849867234352 74109.58233218815 67070.846295734 103 98 2165.5700741138717 0.09236228223848388 0.09233460672959334 1
722.8916586742253 723.3164050830543 214.8401910487792 214.2958426725314 129359.8649732093 111608.9456430654 133 128 6558.217656234077 0.16812881104285476 0.16825156857844747 1
725.6751777992819 725.7324870778939 827.7165809125481 827.7149959645893 9175.953779899763 8264.773550107091 440 427 285.24214252114353 0.09871553625669861 0.09872374645287524 1
728.6926313036055 728.7299521828488 22.09394027117408 22.02676054938248 10945.199525225711 10025.3320710452 9 8 311.4936191222291 0.08888334486976078 0.08885202728290034 1
729.7346165304496 732.3185303744157 513.202566827824 515.16221018758 45328.745122143904 45907.59482474531 306 296 3350.5390193729486 0.19347574382074775 0.21380215337363528 1
731.2972023452838 731.2923285705414 983.2760107734608 983.2621902207215 413573.44303985295 375895.60260417487 486 473 11732.113716441889 0.08927945205612821 0.08929521926191422 1
732.4978244813942 732.5129343324771 193.23500022271182 193.19140246621288 106485.58964602485 96649.76296354446 122 117 3047.6939559277007 0.0902686705056039 0.0901831206524608 1
734.709297810146 735.0176932178488 518.6747207351794 519.1432212438812 138610.85120527458 111477.81046145115 310 296 3320.94206088414 0.07907699346684323 0.0875246325274897 1
735.3430042570117 735.3357783807099 783.7040376914823 783.6780067426204 96137.84878512373 87104.38656477902 425 412 2729.2861619891746 0.08964519264139277 0.08963050571479879 1
735.9330682845815 736.1067496474164 114.13511081219532 114.14637348719641 9207.32347600257 8218.23158672335 70 65 315.72388911189046 0.1098937069519545 0.10986682938939298 1
736.1011762770422 736.1512042690645 77.39183518607169 77.35544456778335 64319.087951621616 58016.61937541152 52 48 1947.9299737572885 0.09604646370646444 0.09604383663501431 1
736.9168229090318 736.9422891580323 257.52534171787323 257.47565098160857 21552.103737411264 19427.719065657122 151 146 648.8304587688361 0.09552684988364547 0.09556744860560375 1
737.9234134325296 737.9896251509108 291.04797897185637 291.056018769111 74691.12650393671 65073.26626752774 179 167 2086.230722094928 0.09180698046735909 0.0923293887180209 1
739.299199032625 739.3375706755301 559.456222922693 559.4216135210663 31117.94731840773 28240.817664976203 330 319 901.9345710717711 0.09137816581990331 0.09138283989805443 1
744.1427196030086 744.1018678269097 948.5618185765674 948.5847812525961 97240.94704564339 87944.57690640104 472 459 2794.4135642448564 0.09087438356909544 0.09091014535335283 1
750.1535262252895 750.4030889806922 413.19194675921426 413.6341729908637 11393.829960765495 9917.303335537876 251 242 584.625748267167 0.1686965416138215 0.168777178105163 1
752.22328307917 752.2401932222635 69.53228515071385 69.53988146231525 580807.2504897411 529401.2345234861 45 41 16069.407774751728 0.08684095294040087 0.08684540872851756 1
752.922371720334 752.9492516828615 135.45132172395995 135.44414296315722 562484.2460109703 511987.15383339167 86 81 15767.521591963541 0.0880897051356456 0.08811245233327387 1
755.4968125067908 755.5223738814993 525.7170864460229 525.6541948692525 26204.614607709034 23398.597625490554 314 303 835.504674663515 0.10221691199918444 0.10213903758088105 1
755.9603435106453 756.01762329303 423.3779395356231 423.3443592357068 56411.370102272915 51242.264600172246 255 246 1632.761870203146 0.09113883501893708 0.09115234115072834 1
760.6637145479348 760.7802496197471 33.81055233353537 33.83995118699165 28968.21277004544 24169.98271820531 17 15 1166.789100384719 0.13844336771098797 0.1380823190399364 1
761.4287951264884 761.5624882046516 289.80222276186737 289.7652555132122 32288.832017841778 29241.652891643113 177 172 950.050566010434 0.09302233124707616 0.09291884777875445 1
761.6783738948654 761.7672077894963 116.59330657700725 116.59189285896257 129166.91262693437 117475.09977465746 73 68 3677.5166215127306 0.08955018112031793 0.08955515674228255 1
765.7020256903104 765.7091845841618 516.5250934855983 516.5431255940431 15600.471826539413 13940.07067610438 309 299 507.38047558831795 0.10411881353406335 0.10413488501151659 1
767.6986439227783 767.8643815762132 356.49518117112945 356.4274431280845 15799.662763772396 14300.891500720492 222 216 473.0205666304309 0.09460963243671991 0.09463610946981184 1
768.5846151749561 768.5537298346433 29.982255066588692 30.025762720020133 37279.95947671198 32941.738806678186 16 15 1166.7443165019868 0.10152247400255268 0.10131824827587005 1
768.8205468119439 768.89358210403 604.756330096337 604.8346059417021 6596.92890874784 6036.450304993051 351 339 198.16106183456688 0.09389234647368999 0.09388537402014731 1
769.4097893685981 768.353257226825 77.77120569598426 75.64157121753736 41028.510453993425 36165.3584098867 53 49 77.35544456778335 77.35544456778335 77.35544456778335 1
769.9366552124438 769.992228790381 208.25663419012926 208.2189572616096 275868.76316480734 249991.4383421016 128 123 7967.057191618892 0.09115821651440012 0.0911465876279226 1
770.3684745919921 770.2896188864124 465.463297138673 465.6361639938736 49093.64657483352 43164.56560686793 278 261 460.1768686613857 460.1768686613857 460.1768686613857 1
772.7219893551115 772.6932794474259 949.7083068733439 949.703035506912 7022.693636303487 6477.66457118708 474 461 187.80807081842812 0.08292828714591143 0.082937700159847 1
775.9395693217383 775.9681346700188 61.366659644733346 61.28490556977238 548048.4400688244 499792.39725632797 38 34 15426.897135036175 0.08829083177452166 0.08828413365053217 1
776.8350576593003 776.9824141021681 894.9752707459224 894.9594080139825 5410.290422498401 5012.327562058305 460 447 162.0055814581249 0.09243562858970317 0.09244376592869646 1
787.1756474253827 787.1260612663755 718.1447082716553 718.1544417630291 43278.16349882812 39123.92489354799 400 387 1422.8808589718356 0.10402428254443846 0.10402158660776205 1
787.5690632442131 787.6733265478704 393.87893549768546 393.67761830919926 43759.31634526231 38310.059561803486 241 232 1975.6421690188945 0.1475324831361294 0.147505919703473 1
787.6699703082993 787.6706557067332 166.112390311753 166.0543279756641 103314.62254885882 93109.75168207218 102 97 3054.2080491531683 0.09384443683142901 0.09380336588447288 1
788.1484200959246 788.1522817941458 196.7739781396073 196.76650356446123 483159.8535576966 437506.1571747376 123 118 13694.289901433047 0.08954123755023445 0.08951848598071077 1
789.5935376279695 789.6779651902823 682.4611609657917 682.3248238512679 13961.366693798489 12725.539167456762 389 376 407.9641887651355 0.09170671291851061 0.09171563363501319 1
789.9175236662198 789.9134745571063 222.02275098785736 222.01499887538216 151029.725227807 135965.25782959512 136 131 4635.627847738857 0.09752277475308417 0.09749718681015675 1
790.0109530680355 790.0399032982749 267.25341721988633 267.2437512789234 48750.43403023372 43995.42745771403 158 153 1443.083195464783 0.09382392572545283 0.0938135473219611 1
792.677934250318 792.6887603675945 845.6788147145903 845.697254387067 35193.95309262589 31950.740930186646 448 435 998.2539417134143 0.08936960136599524 0.08937183562387202 1
793.8692559710489 793.8685514157569 484.94686370826946 484.87968837881357 677774.4696302208 607887.3556701307 293 283 21000.11405538213 0.09881248383185653 0.09879505320836482 1
795.2983312582649 795.3098779754947 385.9376693578422 385.93775346166905 125532.61711762626 113313.47433633935 239 230 3770.6711930686456 0.09521161557332848 0.09516004611783603 1
799.1945143409162 799.3285918764371 86.42599088398565 86.27000652929526 44459.91578071743 39804.25853008979 58 53 1664.6705385943883 0.11966890287473818 0.11961292465114669 1
804.9129854048956 805.0613783244806 59.20010837925593 59.180486006768 22707.64988679505 19889.253709038847 37 30 698.4871833294098 0.10049361606945305 0.10069723578337647 1
807.5617737142946 807.5198358059264 975.4063821049781 975.3923779797921 65631.82073084693 59955.46236089957 483 470 1791.1399497050324 0.08547275214436471 0.08549218337843408 1
808.5192217850931 808.5012036300895 80.59474256573097 80.50010252790267 92462.98087794048 74551.50672426833 55 47 3251.636813641209 0.124551370001795 0.1273531222324464 1
811.6255159130791 811.6075730387965 525.9227326009882 525.8635519100131 33746.630219249026 30541.286672428912 315 304 984.3169560432025 0.09220894958758914 0.09217020085955531 1
814.6417841060291 814.6550716428459 387.14311195476114 387.1012947501808 39719.43754688765 35954.79593824591 240 231 1160.2529497643366 0.09232112225434418 0.0922849419778962 1
814.7332170671735 814.8304647477465 417.36711485738783 417.3437344997373 9239.232877665556 8385.038094373878 253 244 288.0990599286393 0.0982798389702839 0.09828811945556719 1
815.6099632572085 815.6311112892181 632.2233053532763 632.2241665657203 42059.97281673741 37803.638521579145 366 354 1257.723297114453 0.09518014046996164 0.0951629152316915 1
817.7544233048174 817.7846795731318 954.7790363045632 954.7799840236432 202225.81541579438 183394.034799015 475 462 5755.693996797956 0.08976019261056424 0.08976981881398349 1
817.9091006967795 817.9354875930422 825.4091944840187 825.4224378193836 12026.207368045207 10910.508720627735 438 425 351.0432812029232 0.09201896481233024 0.0920725743702015 1
825.8738174882573 826.597433640085 847.985651583309 848.6409965896501 6117.59271356125 5602.030461148154 449 436 335.34675405467357 0.17139290977064317 0.1714280004895523 1
826.6510915207263 826.6797734307836 653.9587228608146 653.9146519889617 178800.92795562895 162059.44597497248 376 363 5102.226470261005 0.0900639204602981 0.09003915668302544 1
830.000501916207 829.9105634754443 295.00082504286615 294.1682288980636 21837.492462753697 18928.559088333626 185 179 1034.4452199659079 0.1563226095466113 0.15657054362178235 1
831.7106013548904 831.7273961550604 316.5173096045911 316.87207888148004 7824.27223962661 6917.090798020802 200 194 351.3640276256468 0.14531429729947848 0.14526325280886657 1
834.6260344790153 834.6807938085909 911.5845939387835 911.6390180238648 36399.77693512294 33177.800247107225 463 450 1008.2246544139023 0.0869237412694222 0.08693333802710418 1
835.1324748198822 835.139906498901 861.2304707067182 861.1942539386939 154489.09307697273 140124.8894908798 454 441 4382.381926676564 0.08945292822459609 0.08946019892066298 1
835.6710038038219 835.6915775480012 513.0069836655065 513.0148035242878 35839.09961803647 32238.95851057843 307 297 1091.4268056859426 0.09684775838257006 0.09681491710302255 1
837.4972022342268 837.470233098745 979.3024209276857 979.2966950906064 25494.154546076614 23167.77985291618 484 471 713.4430149077708 0.08812863244541075 0.08810485885670523 1
837.8501719151095 837.8849481784872 738.5599169612947 738.5812929563591 83994.67255017969 76457.45657655997 406 393 2333.8379123631003 0.08730524792056078 0.08732664661468831 1
839.2803561985822 839.2780485301479 393.7681051155568 393.8001857639518 37976.03277352353 34620.474339065906 242 233 1059.6827524602677 0.08757515033465128 0.08753531477086651 1
842.4995580092148 842.5178070241534 491.9853566104606 491.9421249436354 34600.68669026441 31482.829895538358 297 287 984.9440783873417 0.08956097860028034 0.08946499577024251 1
844.8290313330758 844.8731364460122 599.0991076770352 599.0557570264467 189506.147729024 172613.02822891768 349 337 5281.677551051882 0.08751961462333878 0.08750646331397348 1
845.2185796110546 845.2055835400062 334.0991493294494 334.04987522130665 20053.168500981727 17993.925015136036 212 206 638.9059296871777 0.10157993006888244 0.10153634508773984 1
846.9760768122662 846.9781299998697 133.2548064720414 133.1195060478154 7076.7750907854615 6461.555874178558 81 76 217.5448003714323 0.0963050751134116 0.09627770827284125 1
847.9626446662364 847.9858279622 528.8449334132295 528.8361553209163 200613.31559755365 181787.76643786405 319 308 5706.616537677239 0.08978986261076213 0.08977475366161289 1
848.2518034506774 848.2385507296417 665.3806209606839 665.4297871885651 5716.86198610105 5176.251381845315 384 371 174.59075630014135 0.09649091720045774 0.09651293447186515 1
853.2295758980018 853.262970308376 455.2218330723295 455.1644820907249 66605.23015185188 60475.568414971596 268 259 1897.0536031439926 0.08974771641310869 0.08971205439120325 1
853.5496225648499 853.6131346480684 372.72658201069345 372.6982869187133 44585.032092171925 39330.815813153946 231 221 1152.332912275379 0.08432646476385992 0.08393452310393203 1
857.4274903584709 857.4433899367705 472.1410170555211 472.1458777152586 47872.30985850596 43114.75559851144 283 273 1443.9137942300931 0.09585280948737641 0.09577637126402466 1
860.8290708851437 860.7969508916054 134.35702425430108 134.32983139142928 25567.692222602756 23341.97059264062 84 79 714.2858065018187 0.08753762084101974 0.08752878864294629 1
863.3066981096454 863.1899462144644 862.6115837061832 862.6864167522341 18100.223860872273 16397.698281171608 455 442 542.3659687804809 0.09461106574030943 0.09461120458689756 1
863.8885676778837 863.8975037786804 836.4033610736379 836.3811721734562 81429.29072574804 74027.19030990115 442 429 2274.8015246689665 0.08788656659763015 0.08792636050507291 1
864.5793896085829 864.5876641137093 283.65093382030955 283.6561722284304 26113.40631869377 23464.744870728882 173 168 837.5348794575185 0.10213001135126364 0.10209423852442709 1
868.0656211333445 868.087086586217 577.3706178988198 577.3746073308884 45006.123006501075 40864.80171360565 343 331 1287.1457191522986 0.09009602394418502 0.09011216948241912 1
873.7377066481465 873.7995056001616 178.98411864490035 178.9442055727766 75892.95864246727 69152.38154967707 110 105 2113.3057686808365 0.08742098153750688 0.08738825317355647 1
878.2899726119639 878.2783510725159 646.6634671390332 646.651441239986 145299.4162311338 132349.56145892458 375 362 4032.5159209968238 0.08717183494925886 0.08715252551935315 1
879.3870760760178 879.3902922074765 526.3318694340201 526.2425665933841 401527.4662598103 366522.22593539685 316 305 11157.08590535232 0.08711260683415437 0.08706490877575364 1
882.3529577482201 882.231776333673 800.4182730176568 800.4882007291584 12001.684631306218 10639.224387687604 431 418 435.43869886309074 0.11707914017320552 0.11713629979362222 1
885.6583386921897 885.6910898065911 374.6300469095693 374.56508247207233 25806.406655153383 23511.884256926984 232 224 751.3720428408452 0.09142494485316617 0.09142217368436162 1
889.459516167953 889.3863755393588 22.802882213923738 22.625654416259056 9304.520205973746 8576.03941175294 10 9 324.4469052626752 0.10827167948488785 0.1082149453434431 1
895.4256619830977 895.5184684938013 474.6872927846187 474.65552205807126 75903.47840850899 68544.03988390628 284 274 2239.894488880347 0.09355285943320729 0.09346797993284273 1
897.9640547209412 897.9828069851035 779.2194547538091 779.2202948627134 25056.85892057645 22667.507219667415 422 409 726.3866855439101 0.09165389338595367 0.09166156763935851 1
899.2617700548216 899.2341513983616 499.74010345782307 499.6929500286022 13109.748615476037 12134.316015483251 300 290 330.57250188526615 0.07794075473143001 0.07791804058121768 1
903.8977846165975 903.9580619207071 546.902068739663 546.7780011701874 27489.868241478624 24552.789505379176 324 313 891.8825276537948 0.10390272870769449 0.10388618633612444 1
904.4637478011634 904.4968179663983 113.8221423293078 113.76574782599796 25421.91871047233 23370.56242723996 71 66 667.2532938242899 0.08173587876339829 0.08164977551931762 1
905.4915800234418 905.4916658394955 351.66641190566673 351.6443097695362 315123.813477841 287692.5949960981 221 215 8632.11640489128 0.08589408146257939 0.08582139758340097 1
907.4219864025207 907.4407211004556 171.70893614315779 171.700248358777 68082.1282051302 62506.34008633288 107 102 1830.9553830435477 0.08384422878378016 0.08377654906437672 1
908.2280981452386 908.2567089656246 62.67964771449384 62.66296958360428 29485.610847451982 27049.27834316741 40 36 766.3873186430084 0.08106723998400994 0.08103836861575413 1
908.2303000402533 908.1304884530522 589.1027770475207 589.0104081342296 7164.831723202757 6613.020700756908 346 334 209.4050106920129 0.0905813159183288 0.0905541049807717 1
915.2905243008867 915.2735631476041 783.2319014932185 783.1936827176459 94449.55781447477 85995.47429610563 423 410 2625.4506318656063 0.08734386066209893 0.08732369491607667 1
920.5724723729498 920.5564445617316 458.08932329753515 458.0393208276383 29515.72223155091 26915.948431485438 271 262 833.9224260757379 0.08865448151103889 0.08859905594099522 1
921.4799885601512 921.4929283644816 267.4282756190738 267.3613934001809 116604.8112833132 106354.57220745132 159 154 3228.097351124889 0.08689080369935677 0.08682107948426157 1
923.1588310382809 923.1628892067599 204.78041365923792 204.74615665088294 12467.445486294306 11408.325617229528 126 121 336.32867502260785 0.08434145675907083 0.08431131763685593 1
923.504751335355 923.5576248353852 610.1465617497834 610.1865854853379 9794.331148969173 8925.432241814477 353 341 277.1008779540075 0.08883321251933798 0.08879422521484583 1
924.0871414374963 924.0769648859213 373.68122496536733 373.6560146551063 74611.32606164625 67814.90944332074 233 225 2086.180622311394 0.08800054377137903 0.08798888504142008 1
933.7952238349906 933.8446050717731 69.36607658362759 69.41226423496364 10753.234671499664 9908.117614359646 43 39 272.38525776103256 0.07864193578822787 0.07864280462283374 1
935.7224764523525 935.6305653740824 885.039277321048 885.0027603308207 35135.50067288219 32205.33299966027 458 445 935.9315748418646 0.08313637576858693 0.08311551956491667 1
935.7928954971924 935.8409979486177 110.46802253133332 110.40100150238294 60126.25883094729 54870.879151193774 67 62 1643.3153903822817 0.08567239208849042 0.08567183154489628 1
938.0682953346939 938.1525749363157 313.31827637162587 313.29555266048794 32296.557553164053 29442.292267063596 195 189 903.4982172625473 0.08779024011316493 0.08777019226813869 1
938.1347444548502 938.1542573634441 459.6092765952977 459.6279288451088 42558.66511939116 38722.05865847785 274 265 1197.0994264365995 0.0884412011498746 0.08842854663401774 1
943.4610319794583 943.4941993476019 149.9904526185483 149.97179243746317 118410.52484808059 108330.14876454782 95 90 3203.8756534322088 0.08466881158951822 0.08456705955029292 1
943.6018179510446 943.6118236408728 279.98513325927706 279.97442449295187 27925.04368012022 25507.45077968876 168 163 757.8557683009739 0.08501150185149126 0.0849590445358877 1
944.1968684961878 944.2311950399185 492.1380303106504 492.0161547090792 130067.47089345477 116410.76912263052 298 288 4033.0380029865105 0.09911960496696641 0.09906988539322861 1
944.5770771526995 944.7736361256577 297.41381920150843 297.43970569025106 30136.766358390676 26985.994860788785 187 181 1019.2894313546462 0.1080517324753379 0.10806246965101299 1
949.1945136930224 949.2430463932229 94.71631246252723 94.75303146036016 34263.64930329091 31228.268677592423 61 56 1003.300426045202 0.09192542763405537 0.0918793904273267 1
950.4463735393849 950.6119076379055 170.31936146720955 170.2647121419683 9015.21628070741 8354.357452660275 105 100 232.99664582535533 0.07987648911840727 0.07976019312012368 1
953.630397081677 953.799279252384 382.4335758463966 382.0841098561055 108619.17253688375 91231.42605566882 237 226 5221.312559516696 0.16357382938976767 0.1647237510529005 1
955.2178769344134 955.2618932098493 458.9180358630004 458.9062979126031 93623.29025158101 84593.87913149438 273 264 2872.681841281844 0.09716177607505863 0.09710623946133894 1
955.7695391548197 955.8042247807256 403.20868531057033 403.174652698528 161291.4808132226 146852.8760682338 244 235 4507.529618237215 0.08780412705325086 0.0877791463494043 1
961.4855915877016 961.4647062499371 856.4181219823938 856.3525466484284 34486.82720996246 31530.167632635254 453 440 939.8742339074806 0.08531654110317267 0.08528323839144558 1
963.1074966626236 963.122260150419 111.88951754294503 111.85064943046608 60447.738353731234 55158.74310491533 68 63 1626.9160682870086 0.0843808544302897 0.08434239331595911 1
964.1058112511597 963.9523013476312 463.23117694981255 463.0810796558749 51858.13986549385 45902.43492213453 277 268 1964.0871589159042 0.12239488373859472 0.12235850233019999 1
966.851006136155 966.9196361483239 646.2661080438684 646.2616484430457 24021.215543577837 21737.582625790983 373 360 684.4002395794771 0.09005666477539237 0.09005563743160713 1
967.8411481540828 967.8524867972462 163.2182754919282 163.2054932911434 11753.954305028654 10829.332436428833 99 94 305.59800660012667 0.0807259315203865 0.0807001335081675 1
968.2704948883435 968.278758489437 970.1479726682893 970.1224342842451 724341.9767167468 662187.9990530149 481 468 19741.08605708953 0.08528603211221529 0.08526871262424678 1
970.4091190071825 970.4153649663172 312.81501312277953 312.7748451755599 235248.00034539626 213734.43699075087 196 190 6786.213449892837 0.09087687547352095 0.09079746545513484 1
970.59779289501 970.6169817888696 778.057599791694 778.0298960017628 41487.50258140028 37782.087341522914 421 408 1139.2185513877391 0.0862634812886024 0.08623134060045197 1
974.0405415194246 974.1440595512254 557.8039533150064 557.777116777486 43674.39626874283 39802.078580736044 329 318 1214.1120679257106 0.08726272735280345 0.08723490986039399 1
978.6646426156668 978.6942340446496 704.2275517660714 704.1843423534352 46422.701125107335 41840.242872854324 396 383 1362.1100847581417 0.09312991022488641 0.0931100153162921 1
979.4759366243279 979.4139736117601 812.8413366685447 812.8513225070135 15230.232870267406 14109.335651891095 434 421 389.897187764544 0.07908414700736542 0.07902877106269328 1
980.4660936385511 980.4825189238758 457.9430999023243 457.9062856089497 22165.275776618204 20139.139288257706 272 263 631.2647011289883 0.0897313527745356 0.08963152048817835 1
980.7497759919482 981.0721734675375 294.113225674572 294.10376053492183 5020.8601204556335 4544.241706170865 183 177 181.52835593860402 0.11427618757322948 0.11422929133926517 1
982.8632801193972 982.881190338916 614.9740738456976 614.9690448725411 15958.165999354052 14686.926767153995 358 346 409.77356056046756 0.07980711413811127 0.07978527471654316 1
990.9022076801297 990.9387121693443 51.636778966188345 51.640798289791896 75596.6493187282 69446.86601609799 34 31 1973.6681096740906 0.0812991577228876 0.08128753218269646 1
1003.4900393517144 1003.6314370498376 467.3835116750782 467.42257389544443 45984.931834366886 41400.43963599116 281 271 1441.518528464042 0.09973084609512796 0.0996126958342698 1
1012.5925673411068 1012.5046771693891 298.6089124406568 298.6159941133297 18542.199784306005 17351.093016196224 189 183 435.2477658391436 0.07179047457645857 0.07175109713676626 1
1014.5657365932658 1014.5686942477374 332.24087996664935 332.2491903143091 22128.13131849898 20577.8668167361 210 204 537.7188672529419 0.07477416523944687 0.07473270423400062 1
