x_0 y_0 flux_0 id group_id x_fit y_fit flux_fit flux_unc x_0_unc y_0_unc
4.595515735588265 448.21934764407786 24948.260925785504 264 255 3.3428512387589238 446.1523313635663 23534.571596776415 1578.5037813832344 0.1942656130889084 0.1950699785953337
12.228354378673373 528.3421854996946 3193.3574790145035 317 306 11.686333062485613 526.3615245249205 3078.591967508419 162.41056801500002 0.15091391081106087 0.15262233769989753
14.028523168851052 576.9466931276206 79258.00438088429 338 326 13.450514920245825 575.0641886613306 73181.37215750923 3556.615040195592 0.1391021183013308 0.14169607129598316
17.55150654947255 503.71717716788277 1316.5014662239967 301 291 17.03948846233786 501.26393251330643 1279.5326662967016 99.50662683635834 0.2227595099175857 0.23621598926432538
23.025630281891836 187.29509589821942 516.7179358790731 112 107 22.974483230230305 184.3488075296592 711.4055147620181 77.48403181542491 0.3111007848264517 0.3294162929403234
38.92355645961567 949.258298287479 109327.38976940904 473 460 38.28259823756067 947.3059324427944 100545.54220086469 5105.707272814564 0.14542456080233016 0.1470140620084425
44.20971254969936 630.0001927939429 1219.3709291202072 365 353 43.017017857709575 628.2086902230568 1200.2313253450427 87.69520826198568 0.20958694720564572 0.21211756398449225
48.97596899653058 64.29544791639847 2735.7677084698144 41 37 48.294400745744674 62.05482873124622 2719.1408873055125 139.61457685903252 0.14702614847188475 0.14991365100573179
52.14076100547811 350.23087178704304 20811.0673366179 217 211 51.469339608146385 348.17682388426596 19482.235150334574 970.1795679756199 0.14252118810445405 0.14476355773704644
52.77127828819613 655.098115049475 15537.24198147635 377 364 52.030062029794564 653.1115328177148 14506.460566463136 717.804040589594 0.1419233545930491 0.14403545401821705
55.21412829728445 893.0569763218793 5942.835084894308 459 446 54.45675731541712 890.9480369557555 5719.409888846396 278.323285552526 0.1392793468391899 0.1423428394932074
57.68893658026775 618.2320724039557 2467.9004689522494 359 347 56.4696863484844 616.2006110949301 2434.219744172482 134.55409177903636 0.1596623604577539 0.16050758917003013
62.157155278799905 992.5413534662882 1773.3620412035052 488 475 60.99672766564384 990.510301195005 1723.4869475574133 115.32465730417542 0.19193600844553466 0.1996211564912225
64.29754940065749 48.6330343192368 9332.428766684547 30 27 63.52106348793318 46.693274061205784 8868.284300883368 414.715253135629 0.13375760546329155 0.1386374537224639
65.28324748483169 957.9859660104871 61979.78504625709 476 463 64.65221965824936 956.1028308116142 57318.78745592406 2802.305613652177 0.13986211256619605 0.14227525049993694
66.91915277697461 292.0637626989874 10076.076912189652 179 173 66.2422222491943 290.04498466184845 9563.337378312854 461.0290291442895 0.1380840739751215 0.14072632322540934
69.22909832974841 275.72947040965164 14993.896511835186 165 160 68.60365028270151 273.8885769332328 13705.463928807449 688.7079303625204 0.14375202604874338 0.14754408971430102
72.60958731247086 80.28223744547097 453.6168153611103 55 50 72.28847954182741 77.82613036390427 624.0139730332774 85.5593101479371 0.3925628733016815 0.40387898056937505
73.23407803849295 228.15889197039832 1147.201192949152 137 132 72.71475562725105 226.0059350595204 1248.280090590233 87.55446844225641 0.20062166060174874 0.20505532830541762
76.81843072843134 139.74403459612438 29025.664437946456 87 82 76.32983200969299 137.8264953653698 26749.19752986123 1275.2351552365205 0.13647519242093156 0.14040155428090267
80.30971897900224 404.14657339964856 1726.3301792382 245 236 79.46407024952268 402.34471814795864 1697.199474236588 102.05837343617353 0.1721047027719139 0.17406036788108611
86.28482087333782 625.2804923579554 92743.15441563637 363 351 85.6564452640633 623.3156215297537 85870.05837894215 4309.190728414213 0.14356135051264468 0.14530929329752815
94.43585101061223 1018.2829297388718 2896.1270545063194 495 482 93.58191198941158 1016.1610662209888 2867.1072613945603 160.56504999696443 0.16022729604703287 0.1626935703748056
97.32398955971973 290.950531931393 7497.897173073069 177 171 96.71997966917804 288.830503924155 7121.249442468715 356.4041324264438 0.14313946246279954 0.14729959866272968
98.80934495465232 189.41690137724322 10591.411839015715 116 111 98.15551029778713 187.418428984593 9541.583654717495 519.7221622266842 0.15609554677529047 0.15746382369434528
100.08458684926933 765.2562511348758 18785.610403773262 414 401 99.39390837485129 763.2915271677489 17488.66990214123 878.7953608476095 0.1438449799449208 0.14555650557789115
104.16324155156855 599.8929531865797 860.2279527004599 348 336 104.21037921195435 597.4567233730206 802.7246644701345 87.61473974103659 0.3120358412471737 0.3271612542024631
105.2346157584081 205.67819801754968 23441.531406679576 125 120 104.68925770400364 203.85196628698085 21500.747067390043 1045.9829049984035 0.13914057748872763 0.14308617993959896
108.90591516731104 912.1749302683679 13443.925340490952 462 449 108.18119463992807 910.1966817697255 12602.224730420287 614.7371146735957 0.13976831737988327 0.14160005258052136
112.29520188578226 496.4626853365171 9700.724308845834 299 289 111.69326385704368 494.42490292152894 9197.346098150796 445.0322860189582 0.13841656252996976 0.13981034320058117
112.61830812950541 1002.003301735466 4396.281207537196 490 477 111.91961166580778 1000.0224068219542 4265.417094820741 206.80590049169658 0.13918265513957678 0.14143277246819277
113.9053548425847 72.31257173012273 7328.226714528896 48 44 113.34337392352616 70.1580337777465 6967.0627610969095 334.86681896251037 0.137607552528962 0.13987406674586697
127.7661253648173 47.21774368579031 1904.978441643228 29 26 127.07048007828881 45.08338257309944 1868.8149794041703 116.29473218565627 0.17840909322588885 0.18152692299920867
129.5615332728447 328.89571482480966 29516.61518181971 208 202 128.8977825967954 326.9587437651891 27218.529780522924 1334.6617280707633 0.14078160532967304 0.143563962375141
130.07481153272943 918.2550868822912 1701.4129808448638 466 453 129.77398523655742 916.2358669323243 1608.99292428352 107.50495709253124 0.19110621776771528 0.19375944467321077
131.2160838806467 247.69112934232834 17141.422072703088 148 143 130.54498619598718 245.85067508110848 15841.164614353247 771.067292560837 0.13925602006657498 0.14315318649474046
132.80531669545456 668.8142532425379 2317.953256531019 386 373 132.16521994199178 667.1731566609119 2114.4918847600143 127.30590249627987 0.17252672325337773 0.17494202230552724
132.86225363471664 772.6689324490806 1413.590584969217 503 402 132.2283416821419 771.0250870902635 1316.6111854362525 764.9254619581495 764.9254619581495 764.9254619581495
133.40911629686474 126.29383359059875 2697.594320536342 77 72 132.7116805544027 124.19710214088963 2659.7434075860474 142.52582290188712 0.15327861916854035 0.15575183819020022
133.6481181977041 1005.2851144544718 8388.609424881033 491 478 132.83936647491683 1003.2526797419202 8022.823074746364 364.3790591029309 0.13047339091694443 0.13164164568346054
141.58631146113038 562.4801645577725 28507.260250391493 331 320 141.0328376580978 560.5027668360921 26179.59632367146 1334.8574528831518 0.14623413695411194 0.1471073497080236
142.2159299000965 979.9662845861668 3250.4559263201118 485 472 141.23740046025108 977.9965693427193 3151.4153251291646 167.46556073769233 0.15221802165785492 0.15515049565536249
143.7674696582214 9.84021284334085 76664.58293214865 4 3 143.23358221858993 7.952122429860447 70112.60896070104 3406.8907626762157 0.13916596930217076 0.14242106104562444
147.58571938112658 570.1500374451207 3960.180574444863 336 324 144.8595035806953 566.2787710274159 5480.966820869858 283.79390066524843 0.1591526222834191 0.17040833597301133
147.65493524763735 680.9433738395428 7799.690906088872 388 375 147.1313191324913 679.1355751042202 7184.331640173674 355.6385946824936 0.1418797619371348 0.14398676937394092
150.70826934186812 844.9536172733033 1694.1990559216306 445 432 149.8927681416095 843.3104696960103 1560.1136610586789 105.12961724379387 0.1934820278860139 0.19509320028377294
151.67882752815495 304.20492340235126 8438.773563198873 190 184 151.09073590084566 302.23604097431456 7800.833133245137 412.5769224741663 0.1516234624728787 0.15351428412938994
153.84787296051297 876.8241336159768 4312.283603877613 456 443 153.2552533392995 874.8426796536887 4012.278304800168 211.30276401571055 0.15084175161475197 0.15466952486938557
160.75055892797735 822.2529805527306 24585.058104372947 437 424 160.1444241849634 820.3833860259542 22613.36416319366 1130.7568097171402 0.14330048551690205 0.14455055043533
163.71571277872192 463.8459140305905 12676.843339324918 277 267 163.2771921222863 461.7997540652807 11824.488720746465 638.6563866636159 0.15466753847764617 0.15909469310358268
165.3260150065414 663.6470067142352 4069.5942637348926 381 368 164.7393308566689 661.7297039752342 3752.9979530446376 206.81618695365273 0.15761470528114552 0.16273757571048222
165.42396685012466 921.1209339239224 8073.427774212695 468 455 164.75301022855692 919.1824822937173 7548.049532614249 364.08500532177027 0.13796928965541308 0.1400691446743585
167.9244017871411 992.3566246283752 7562.412719371033 489 476 167.29687156914144 990.3571199654812 7096.084893144546 358.328353052937 0.14459617786407591 0.14602771237566006
168.53943911488443 794.6766271426236 12026.929300187576 429 416 167.72760872337196 792.953335739277 10958.396615303309 537.290170524503 0.14103485437514063 0.14341997132220158
168.94352457945536 109.708012327382 571.2078191387736 65 60 167.9844558996432 106.44174036744953 769.5879142322632 78.18258253170642 0.286099122132008 0.33276589150049335
169.22923695406297 621.6826072927646 2988.996627211096 361 349 168.5403595572906 620.2160138115947 2569.8611418137716 177.22130833596108 0.19732903465679325 0.2001671821781446
169.7842001528726 455.18757155226604 15965.489111667193 267 258 168.8673200186841 453.4300280179692 14034.226768447576 897.7714562786006 0.18372394495268898 0.18482691319438974
171.29118105785545 760.0867040645848 5533.040373197728 412 399 170.53812532470855 758.2288187269643 5056.780649204574 265.11770999857634 0.15001916558872347 0.15209715149108696
177.98450940283868 271.6907540427092 1899.8437017894303 161 156 177.1862495952586 269.4539976847124 1824.6423142292228 115.65219413076396 0.18146030037872937 0.19030112028636684
178.85696709966498 133.91358460940313 15365.859587586026 80 75 178.0881240642876 131.93674230473886 14431.983811034292 687.0003150457289 0.136450365917418 0.1395574199831426
180.3835231677507 151.24201908642215 1019.1379412789436 93 88 179.42635766224686 148.71887968078002 1045.3099809500247 84.68170227376379 0.23179794258516184 0.23976965950480567
184.88952765832045 722.9729895933062 1803.8562786186435 403 390 184.15560015425254 721.0907991139464 1703.472746710313 110.38404928151863 0.18569589684987342 0.18871734149779054
187.72141767976473 810.6104006714496 8473.37333319468 433 420 187.19560307742898 808.7722561530304 7752.902159634153 378.27928703315587 0.13978729732787307 0.14374885527258216
191.87554987191714 937.0933162262909 2263.5630780537454 470 457 191.33436204172477 935.179745210761 2120.841595312918 128.79248348347858 0.17387196383372688 0.17635115692454784
197.2316238757195 280.3219831109253 6045.171082031055 167 162 199.88912060644475 284.33718905293296 6939.663584494875 542.7600249332562 0.21631975831349254 0.2683571447915839
198.2893069246117 312.990163661206 14001.582633682254 194 188 197.51809264375075 310.97652737408634 13013.748558717793 658.2690675322368 0.14473617362415353 0.14800314142000562
200.467074492959 156.28043754360755 6997.170593449717 96 91 199.9096507428372 154.35098301804805 6551.905213789074 333.5378290884537 0.14559507926103893 0.14738418836177786
202.75723895578852 292.67386051980685 28586.63301147657 180 174 202.14200974663098 290.8547386107886 26192.141466541947 1235.4045027198615 0.13515663797342595 0.13867617415189346
204.10827814025572 853.1963031774868 1203.6122660340889 450 437 202.64877917572204 851.0358057243354 1259.731245796418 89.31097040781107 0.20414345642573262 0.2067802731821439
204.45698085386186 638.3119973495822 3539.9041544327692 370 357 203.84344224187745 636.5780222689085 3223.929675239479 183.9271170369842 0.16316916214826838 0.1643855930534756
206.11811944262962 374.75304937521173 2624.2407808910634 236 227 205.3851219139377 372.7885079796351 2466.564829587049 132.9665023948701 0.15429683307734676 0.15891088437133238
223.52725870107633 612.5104967514472 21017.21066320075 354 342 223.06663491707832 610.7876156625252 18680.97874730404 990.90246806642 0.15207686989604033 0.15625785432807726
223.79833497316315 264.22453429267375 3839.863072785892 155 150 223.21993606670097 262.0517373467844 3627.356432854711 195.31998559742243 0.1542442644632798 0.15715925691434754
231.44048973484524 567.347374571559 26440.630695009157 334 322 230.11578624906733 565.3214651203101 21694.316924404142 565.2775551253259 565.2775551253259 565.2775551253259
231.87137273666985 66.68924035537259 17786.092172136174 42 38 231.22578003699826 64.78496338264793 16269.586128597384 793.3254621374282 0.13963618933509803 0.1439063833393498
235.237065408156 612.8576499685246 9635.577219997656 355 343 234.13495197954035 611.1511053271466 8653.527189035914 525.4241915163013 0.17401784240593088 0.1765523575471126
237.28390374545074 845.8971046343986 11327.91601560492 447 434 236.49444678752448 844.0162948660341 10575.214037416034 508.566329527877 0.13762299852619575 0.14035172654493544
240.92068602265527 490.40559913324853 24948.12264069068 296 286 240.20614338854708 488.2843689491495 23050.9545702667 1303.6332360176552 0.16202152080386872 0.16390735581024854
241.919473511214 180.79037577182373 26677.359025918744 111 106 241.2486088446631 178.90028885290005 24473.19899752141 1216.9882603012936 0.14241049645600426 0.1459767860551923
242.16300969287755 756.4573351992259 33331.24247666313 410 397 241.5178893243488 754.4271426210355 30987.188161573526 1656.6120452087437 0.15297815238251866 0.15442206685254156
242.39930090915374 506.1703346184755 1714.5775759489056 303 293 241.5468505142409 504.019349122638 1578.6049187052795 121.97515048351772 0.22108858363158143 0.2256412717684201
245.3905641581198 435.2749949240713 20577.428729952087 259 250 244.7627705366417 433.30684514409484 18824.55982056828 989.260924025574 0.15031722738997932 0.15223679216731154
245.39932571152167 467.6326332131296 10220.399646558826 279 269 244.91961643923514 465.8942444786559 8939.755321810188 521.8833500327305 0.1669537935649319 0.17127649278772253
246.2272551427319 821.0002218904211 11116.50869063255 435 422 245.59314014499725 819.0476379573686 10266.633443822324 544.0270714008806 0.15160925330837877 0.1545012737043381
257.52449383093676 478.6740280871016 17316.71257683165 287 277 257.05120517769376 476.7314703671441 15871.045576579763 799.3137697164884 0.1443927903979986 0.14880337786353237
258.89617209674196 51.561888368790164 91590.6810803873 31 28 258.3380514060389 49.770591635262235 83575.80370932075 4002.295673014417 0.13706468055618187 0.14143119532898799
262.9394340851212 638.2661276746466 2690.4245775205504 369 356 262.3944429978943 636.3340903498954 2443.888022930935 162.3683066944644 0.19018552923240925 0.19229568407360967
268.7936537929142 793.6715623295352 5969.5692018134605 427 414 268.15377902706285 791.934551994899 5393.079479795442 282.38472730689716 0.1500474875046425 0.15326545106947018
272.3888946631963 190.6576157603419 3951.8576829931635 118 113 271.78205652854626 188.80129480856658 3667.245058152916 192.03854840081073 0.1497476148002342 0.15436555794475446
273.4912809997398 457.80403501689824 24773.214127058098 269 260 272.9137668193269 455.9464877426772 22468.656503923954 1152.0867579237042 0.14664469736560626 0.1501406107348681
275.0314338554275 267.13251626422453 1798.8048265194445 157 152 275.3027419069423 265.3359814093063 1623.9640688489028 132.28246612747003 0.23302582751919318 0.2358689129190635
275.34471076497334 53.224649567583526 9577.086824501428 36 32 274.35869743013524 51.184863176183164 8836.631968632839 515.4761538413189 0.16699626687944896 0.16963267078943048
280.95590154815284 141.3637877685515 4018.0533076013876 88 83 280.4220421708642 139.11035641731328 3780.404912208777 207.65019560941877 0.15721197718164032 0.16005535111768426
282.4687885222079 827.3751396016952 6524.83291823476 439 426 281.8197756181941 825.3873363390893 6103.761734831311 310.2320635878751 0.14536873878382583 0.14691350260762942
284.6147449894579 115.27608782103016 41073.13755204526 72 67 284.04315138998874 113.35062857539752 37104.25086945772 1955.7672121121598 0.15115082172623584 0.1526150960420118
288.8192393852688 44.82845648079689 1850.4117650977055 26 23 287.76601709681137 43.354510158256694 1746.5526413828354 111.98940356437124 0.18433479752555787 0.1856565772468053
289.1378816082304 663.138001710005 7214.551122906927 382 369 288.61285657014923 661.3646773644284 6560.246400651704 349.3355908810213 0.1523468829368412 0.15401840618292642
289.74186540152994 526.1983350898457 1874.3409226381252 313 302 289.9799835820562 523.9251953014272 1777.8886460412616 116.11935188256909 0.18679185838305593 0.19136513418104115
291.09156070647214 274.54743596917615 27402.240253957334 164 159 290.5374924818305 272.7492171024166 24785.056374734577 1238.351290712569 0.14293262788954064 0.14759732883788806
291.1639413572295 607.1317657400316 12013.858761183608 352 340 290.54056495914034 605.1662502756449 11036.395280655606 567.1708391563845 0.14705141386093243 0.14936837978741402
296.5780179192034 469.65363281977193 4070.0782595968644 282 272 295.91149632225995 468.0061291743001 3630.1292689494467 208.62376960213885 0.16497173746519359 0.16791727100879716
296.84511052085236 318.6222890258258 27851.369144637585 203 197 296.38408494907475 316.84879230334235 25284.91492771935 1235.3805534481637 0.13984715911359694 0.1436725571423554
297.94842627260874 555.8848667495416 16961.716302043253 327 316 297.59284458959024 553.9839173320664 15395.579369132553 777.5271893704644 0.14449243310783355 0.14764556774820906
298.3935788405388 63.47861497019363 9942.202747551266 39 35 297.8610658038881 61.463139505295686 9321.335497776197 460.90972363828246 0.141422887335975 0.14283901012023834
299.0492598194545 884.4489451716083 3085.959886223825 457 444 298.60648662923757 881.8538129140883 3023.294819725642 157.31979340831603 0.14887541200376733 0.15275140832537767
301.4400640344759 213.70872784027688 22944.763310676615 131 126 300.86715969985994 211.9045867836763 20820.309136812564 1041.738744203551 0.1430862654301854 0.14683835490812575
302.68853550733763 21.264844755380295 1747.5009673813431 7 6 301.91399957821864 19.237038168432367 1810.0028248779863 97.83159306395163 0.1551461788344072 0.1569601855096705
307.80494571288625 601.3649789287566 3844.9590830923407 350 338 307.09772201173666 599.4375143871389 3545.0478018818444 206.24188859277442 0.16676897647175679 0.16803776707393073
315.74370506795145 294.73006707748755 4595.608863324596 182 176 315.04515050491375 293.0377584166024 4133.727406409705 221.045853381272 0.15333224936378886 0.15613306883195405
315.789924435644 1006.0266563604437 2441.4213978127623 492 479 314.9386521306363 1003.9256295542576 2494.5712055224267 128.79610603300034 0.14817653353249716 0.15110712376232252
320.2472121784922 366.1394379953856 5485.3618710302135 500 220 761.7600119648716 275.96207620715404 92349866.52122866 358.99185372934915 358.99185372934915 358.99185372934915
320.77265082846674 71.62916088353859 17392.320843984784 46 42 320.1503614117312 69.87202140011853 15941.326268070436 748.3323235595859 0.13449235841039786 0.13800607948932883
322.7335467038127 129.8781022378592 5104.4152477969 79 74 322.1794101535652 127.86833995607807 4757.765840177215 252.30027577262646 0.15190903227090405 0.1558956950513998
332.8389898372684 612.4304370061817 5443.322393820841 356 344 332.3662939806014 610.3462748885579 4974.3140330235265 289.19341490905066 0.16643813995040732 0.16822870172550328
335.60649434626225 34.46510536166727 127054.14165465733 19 16 335.09945815332566 32.41444642957246 118125.4535585761 5924.200057202076 0.14375810685925508 0.14502339857846247
335.7659832806569 772.4521392479987 11520.458839395138 418 405 335.2432810690505 770.4990331274184 10645.321513383931 551.6671489570799 0.14842816341647314 0.14949339053899238
338.13870944081066 821.9958033639555 4202.946875393079 436 423 337.6380869137145 820.1436122315716 3725.0655055897764 218.96465760804386 0.16816457906215102 0.17089530531606348
340.30783132950063 202.28186657178156 3482.31235357295 124 119 339.9094027502075 199.96994306781062 3279.956889498475 194.06468826630876 0.16920520377255843 0.17320716706104008
342.1917585689797 187.92113514598663 7663.735452747127 113 108 341.43666253586593 186.5554301027817 6181.90588789922 184.3488075296592 184.3488075296592 184.3488075296592
344.70564281988834 481.543769514591 9212.75544016436 289 279 344.15918884186436 479.7936487325303 8194.506729712764 434.6309920321249 0.15196774767277235 0.156262925829522
346.9185320948448 40.268399913021824 6176.369169868685 23 20 342.681493701525 36.41637482598035 9546.458981815475 637.962677798952 0.2250472934220041 0.20042126672415045
350.03245997944896 21.704232316609193 19769.191950457993 8 7 349.3162681175983 19.890037135930342 17706.19604184084 981.9104874297373 0.15875362978383928 0.1629337205067078
350.4177322966428 306.30562149168384 10539.010995997674 192 186 350.2643662386848 304.1642046823812 9625.649180827651 562.3742126575962 0.1671282902682632 0.1699100653718836
356.52290799780593 73.66679047696164 30959.463095533465 50 46 355.9232014509178 71.8257638825939 28298.37734776099 1355.0413954749647 0.13740256217294342 0.14105313157981633
358.7367794869291 43.74479563357016 4248.7111570603 27 24 358.192645915765 41.75743817875299 3739.533844268934 252.24282387293917 0.1931810424542029 0.19934094053143425
362.13137063060185 969.494075612186 1267.6593090207919 480 467 361.5754052742119 966.7601785066521 1318.5615913868628 87.1635104987233 0.18913750826845593 0.19476833658204992
362.6282968905786 304.2766552827975 10820.088873751418 191 185 362.0981811612281 302.2614372893884 9819.087750403614 556.5041610364718 0.16246206204651503 0.16439646184903223
363.1199731887692 336.02937624599133 2826.179357846202 214 208 362.83877023816996 333.64387988120313 2500.585592877704 177.3062255726864 0.20273563540098952 0.21051472530373389
366.006245500694 134.25297266901447 9144.446404095666 82 77 365.3083338040986 132.4033739496393 7374.325930066474 661.4813828833526 0.25685249663425397 0.25940760660102075
367.2012452629718 351.67401503804547 4949.345705093609 219 213 366.51220168037537 349.8721116744123 4483.5805121912945 237.3984670958629 0.15150090175253952 0.1555324438965977
368.3696615603701 34.24808887802027 7950.0580713749105 20 17 367.89146235523333 32.20156500583732 7236.26290657039 416.03862095796296 0.16442818559092226 0.16711292762311764
368.9708676569336 668.9601725116355 1522.6715813694314 385 372 369.05611195042866 667.1798611462141 1317.580687664793 118.51648557074368 0.2572693137696574 0.2613126630786974
370.2756006873908 550.5314259868329 52480.97259619708 325 314 369.85820541233244 548.7702378385919 47051.87208819319 2394.3259747119237 0.14553025046506202 0.15004507446999982
373.31534353421193 51.66352828457349 13144.085705280697 32 29 372.6520245958263 49.80493616921226 12093.410418433878 601.9787271469991 0.14235957692237952 0.14677514920296766
373.4629330303651 296.59223662945254 9340.937425116044 184 178 372.947451669587 294.9048181175001 8150.904502190644 501.5366093815287 0.17596620990673578 0.18053292781760688
374.7085138086246 803.2179345640548 90599.74321834893 432 419 374.241555611353 801.2048222895968 83272.35748099943 4251.189802103178 0.1462257653991663 0.14818253755891522
378.53530639844905 1005.3031344621256 9521.39740612511 493 480 378.05192934561205 1003.1104757858932 9015.929416781692 442.40490064837604 0.1406971452065755 0.14275247949867748
388.89602923887634 209.99511490008257 22709.697549514683 129 124 388.37786514264326 208.05778138930606 20821.045692458498 1041.5784016913376 0.14319939819289443 0.1459920556038745
391.0040923617099 314.8623923547042 46860.78163063408 197 191 390.48775645643906 313.0044161496283 42412.53658207282 2182.426530873344 0.14725064586867384 0.15040777100707
395.2093053592033 23.79564363036519 6687.077012587555 11 10 394.5087359011122 21.961264558037687 6284.1748039067 299.8327728761322 0.13651041353144722 0.13978542361311688
395.3975689760873 794.1854468318619 16455.450965867058 428 415 394.83169537305355 792.0790192062236 15380.17468522748 800.3317906376706 0.1488370320047327 0.15157782913983728
398.2358491165321 233.6482169115818 8504.439406170908 142 137 397.7272522575729 231.83070514275363 7534.857055823687 414.3819986740589 0.15728524123696677 0.16188175873691063
398.69647544282844 285.5552600074841 27841.201994604053 175 169 398.21808652629346 283.82304752265105 24991.228665903425 1260.6999288055147 0.1444828139094197 0.14851673939839227
399.3794464615904 578.864827203096 13789.472055764643 341 329 398.86456570025797 577.0046744928801 12594.4767645479 652.8593715736625 0.1482616621056997 0.15142493669313348
400.1231837035973 703.279557922282 12386.988824058075 394 381 399.5799804661909 701.3281813750708 11285.578282601477 624.8993322191751 0.1584256627621998 0.1602686509815335
400.2408687462216 104.19632144570659 29272.66887832856 63 58 399.63595191598256 102.19283004292781 27010.001457436 1365.7008381360858 0.1446467092957839 0.1469832235745324
403.6424778530128 151.22004512545686 4901.013919706049 94 89 403.1368757962869 148.9741539217605 4665.43359935285 231.51062657434647 0.14219307530154043 0.14526342777104476
411.8818103919594 320.4759425409787 33343.62293971533 205 199 411.4103481221179 318.4563322954149 30601.981012323486 1594.1010239739971 0.14910817731643755 0.15044877652864813
412.79703186413326 758.2074892420565 26053.01730281111 411 398 412.29182519132854 756.1860722557637 24029.54777073159 1231.7504408122188 0.14678996032073496 0.14886896378477854
415.67340764335006 232.4925374185313 3756.6226879167957 141 136 415.0914146152525 230.52171010666385 3375.1015933358576 210.1501377222868 0.1784901113271598 0.17963738521028758
417.3016146837381 539.3108021640596 5999.618638833263 321 310 416.90669141249043 537.2475672199977 5508.853291042462 307.68955357857726 0.15974976561487716 0.1620052074996661
418.26695163275417 483.760194375261 2342.937141276306 291 281 418.5124505827052 481.29948831534125 2162.8102833842754 164.05326657946497 0.2168603373325893 0.2298310992112086
419.73115889107606 961.5367387696234 13125.772335250102 478 465 419.099354124509 959.6116741343579 12082.822985281635 597.8998024981171 0.1418312818864581 0.14683200625117182
420.05630158687006 461.18440525015853 11121.092033215065 276 266 419.57884587167405 459.1934613278176 10098.466982662803 549.6845042029285 0.15574159048544034 0.15812622524563577
426.27863967646783 317.35952194623957 7885.739064304252 201 195 426.98409381929685 315.98772626167914 6269.949618278079 536.7609129601929 0.2456383086703162 0.24557739320968686
428.52404397132096 731.7677037910953 4134.315961600966 404 391 428.0833792142251 729.8712943402055 3644.7132328926336 217.25881369711954 0.17088274944395662 0.17492668404738945
428.7302677425765 260.28272063207146 5650.891415089418 154 149 430.523329255837 258.03903012528804 5286.88461697516 398.9758438710115 0.2180869723777122 0.22032350865297076
431.5887742463608 113.67577333123825 56193.57941577522 69 64 431.10775146898493 111.92807239522183 50307.01329403072 2507.016852210565 0.14281762479081947 0.1461537769933583
431.5992457648337 476.6903890537719 12591.440514668677 285 275 431.0396737188527 474.8014210315253 11350.63212095192 591.1416588754197 0.14932767784135317 0.15338530192128505
431.84707434039774 335.8299869196318 26289.140671158788 213 207 431.3459705329886 333.9189732347584 24035.06162977208 1215.872781097885 0.14482147086989947 0.1483251001420737
433.147092264368 624.6638814086533 14460.904249000605 362 350 432.7286468323846 622.9201666014602 12853.742416240902 683.9378817320938 0.15220281190281545 0.15588983182889146
433.23750899515244 146.8149777106006 19187.710171414303 90 85 432.72913364609906 145.68405911150333 15597.459005468572 921.9142997269024 0.16907596555637 0.17011324602153602
438.30424584365284 229.73736888442488 8155.189145422508 138 133 438.0439480157651 227.9510815201585 7233.313426026769 388.3681054665478 0.1535499299513382 0.15727531293174707
438.33982016774326 135.82763910384278 3926.9019827356187 85 80 434.44089154154574 140.04404065784323 5921.450165850697 374.6793817982547 0.19492165540680165 0.2126652501793392
438.3539367479656 839.5581137627082 2988.8407467180227 443 430 437.6274732737254 837.7418951427551 2798.664735708964 153.8137028682907 0.15722963622620054 0.16211989392545037
438.44561304620515 377.39110574054257 27666.018906875044 237 228 437.99482340565527 375.36141394049446 25442.84285856865 1354.0157863508318 0.1522105072236475 0.15398569245579116
438.54969456342906 581.7860271738107 33350.535788448964 344 332 438.0951940459753 579.9743860159772 30102.250246246203 1529.6844793365153 0.14566477908052766 0.1486002761110014
438.70137730990587 320.31939789959927 23681.780009038896 206 200 438.383898310535 318.42093207537505 20720.566445721885 1263.3365676245262 0.1745378219480943 0.1762126351121606
439.2674495963253 413.36379501472254 1216.2951298555233 249 240 438.28417752341284 410.9308251304909 1081.595049378124 110.34826822314898 0.29215151257126754 0.2989428526767616
441.5630179865393 258.1856784451579 25547.276571961684 152 147 441.03835293155424 256.2270555128808 23306.67326426798 1204.2823470468063 0.1481702070566069 0.15002311026144668
443.8340943902878 162.65903498526546 23422.44378512914 97 92 443.25753377659396 160.85195096822576 21423.16239266707 1039.4344142202938 0.13893435334785192 0.14271918533618538
448.80575767898034 615.7573243707596 4841.108406680365 357 345 448.36342535259047 614.1394847061208 4269.74667468046 254.56652264891403 0.17068758965793698 0.1734137730531676
448.8679962488912 328.0806784890633 15356.88687877657 209 203 448.25162619740695 326.046978413197 14014.205367844786 782.4206598336821 0.15990027697588505 0.1629481297193138
454.6715546742079 486.676233943867 12167.02359747711 294 284 454.20068632466615 484.86792371078513 10727.99579382072 589.6091008549134 0.15744015919274348 0.16140692507579776
455.1789815354031 715.5353252105294 6883.179003196934 398 385 454.69358445905914 713.7729787287315 6127.115648817241 323.10743948064487 0.15084526336978432 0.155393909785809
455.92154992495705 89.64503856138839 3027.202725712404 59 54 455.5661630519872 87.76716836004081 2661.0718498822976 165.63697099803414 0.1780394410828153 0.18383011326195323
456.6833688464727 229.44382274563486 29476.69299679007 139 134 456.1215589355007 227.43702229613447 27415.682128700257 1368.1336542339038 0.14302639594082928 0.14419869854848327
457.0121357397852 126.90451043557977 8592.013288245027 78 73 456.37486468522945 125.09904571734783 7885.414092087275 406.9274944847014 0.14772167930574187 0.15042690530373634
458.2469883682154 339.7932907174082 3413.839015235261 215 209 457.6874525621104 337.95426306621744 3006.5534624482593 194.83435465769102 0.18536773828863287 0.18974756875740298
464.0331903653612 271.26928494955075 25447.109153229878 160 155 463.44997017466517 269.45012926409856 23143.772255454052 1147.7664328403127 0.14193920612971855 0.14325637540545577
465.6436747167854 258.59056733470516 7385.667522638979 153 148 464.0352516498015 263.1386430796396 8182.146337478198 727.640983183705 0.24079700995862402 0.30495294139689094
468.9810180060915 209.24314695580347 3213.8362510828997 127 122 468.44547062227645 207.1842028608069 2731.7993554282702 186.19316025302322 0.195069332651635 0.19813706828772845
472.0548278624355 249.66602517523438 26194.748367473356 149 144 471.53733521894975 247.92962498830076 23305.875854062935 1234.7697261948535 0.15158564465965477 0.15531284810172524
472.1155747162232 598.222376619031 13722.871068311197 347 335 471.6077493712179 596.2302453455044 12604.997117560364 652.0038129146799 0.14799013693013705 0.15008346476265794
475.09372760294514 752.0795082441491 43677.40318460571 408 395 474.5381493226242 750.0818364778999 40264.96733764306 2073.8312091458897 0.1473780606302835 0.15002497189475764
475.9608428430446 106.76201995808037 128379.36736303623 64 59 475.57966234228 105.00748853406655 114231.41605642241 6075.688850580503 0.15216159261940645 0.15552503272257592
477.4740986874097 396.344570323254 26144.98524868258 243 234 476.55461941678834 394.9990086642696 21809.616562129082 1113.2622038274346 0.14605365823916927 0.14641307953905458
482.0179324580396 385.7095032122945 7074.499806530405 238 229 478.7235998875687 390.0521411198893 10847.486129150962 592.453456524516 0.16286425232170426 0.18557106210647856
483.5174363433744 476.9183990402162 11547.305625032497 286 276 483.1818805447202 474.9931198512141 10527.901167084101 554.6062724872473 0.15092870114849094 0.1539826474318633
484.124129196693 285.250518419657 15644.804957909879 170 165 483.598550947004 283.2533015297821 14095.631202655231 797.7826839375907 0.1619302703385057 0.16420443210397295
486.8170196864293 568.2549981893897 23650.35821482693 335 323 486.33086708418364 566.2145475162707 21410.699178516825 1167.589731749726 0.15613966002877575 0.15830032041143166
487.0312737051592 178.03724888835728 2254.7492326431184 109 104 486.18283504641335 176.66509368773637 1927.4755677520325 149.58276065606054 0.22234729274479767 0.22340622215048844
487.9943510326151 91.80036606439802 23193.36967406451 60 55 490.57949317119073 89.18716167456154 20568.9571509775 1806.150631874253 0.2646040076746211 0.2683731267404657
490.0517478523968 110.81892567778795 155738.92869834183 66 61 489.4597414567261 108.96609280573412 142097.20983625948 7124.00491232932 0.1434655187998756 0.14681886464987148
492.49080437718396 147.31539153150464 130925.57395177771 91 86 491.99005731304123 145.3380546682664 120461.57679963818 6254.835309473781 0.14850805542591144 0.15036751878591464
495.980219480065 433.70236923651436 96237.06922271918 258 249 495.48631080755376 431.8332508056196 87419.65580274083 4362.560017630581 0.1427994832984491 0.1467887037163514
496.52758983789835 589.3834329123831 29082.381902297686 345 333 496.02382038800727 587.5436980601335 25870.156738841342 1474.1691487022035 0.16341750031555674 0.16428172188610496
496.7343997993181 299.8939756497681 16156.761133984943 188 182 496.2504687183699 298.08580559603735 14631.525776039047 756.1611190248939 0.14801466009329686 0.1506524213770098
498.00455357787513 86.48335919618091 95490.21819300854 57 52 497.6650928050865 84.46720696355608 86828.85726621584 4794.8662123793465 0.15797616888915747 0.15949981568655125
498.6842173413164 541.2053908352281 74483.20350294565 323 312 498.1571189965239 539.2303296793763 68469.95171421808 3482.316545496996 0.1457358694176995 0.14758179953796424
503.5095783271471 278.28024505851727 97998.31346493734 166 161 503.0547514234332 276.3469039201567 88986.63711602076 4580.792777521955 0.14759780152773808 0.1490178875589032
506.5385581357212 451.5194659807406 6043.234085609007 266 257 506.0648011842705 449.4884059927629 5323.332912330444 315.34031817255493 0.16974281462019286 0.17732822459552774
509.8759358770508 124.63370953888295 118396.84368569285 76 71 509.2740495915689 122.86716702051581 107509.56901292145 5212.120867475142 0.13881232488525425 0.14252809295439833
510.15859020800156 577.2297535740436 3123.299796113048 339 327 509.1561397503133 575.6137114106759 2666.4650418367946 200.48634082432454 0.21544565489784784 0.216534874659263
510.96443745089994 439.70602015010104 12083.31229640819 260 251 510.1510859984467 437.8494936102189 10683.587734524324 670.6618013401761 0.17986888603814932 0.18452070358951203
511.62772379514115 987.071271485835 1661.0245472801175 487 474 511.3003686884524 985.3326686082385 1527.6238366190641 118.40254215941476 0.22193089728619217 0.22424390608521522
513.3751714417526 23.607790470463215 4961.907386018461 12 11 512.4679535564813 21.772265840521932 4683.979455688052 216.56097718315561 0.13227216757249383 0.1365434335197535
513.5642695694962 521.5092715396046 23570.624332622254 311 300 513.1459955403676 519.7217000901262 21315.848919258216 1033.5972026716977 0.1389324043233807 0.14330902996457695
516.6730224048545 919.054502202541 18174.477273954493 467 454 516.0425661555639 917.0356574808125 16696.169172888844 852.2495322801173 0.1463686831598694 0.1488547862166231
517.0569919963951 550.6194614123488 8961.741718518047 326 315 516.4645192144476 548.7845245821783 7948.903598959152 461.89937319739204 0.1662890703189345 0.17122537955451225
518.9794622858212 317.7227284451077 33818.219848859124 202 196 518.4051037610453 315.9536588469642 30504.155593285202 1551.275108180376 0.14555836107827164 0.14891555007781704
519.6903694288301 190.83740040483724 36635.8826341016 119 114 519.1016730241023 188.96796296766894 33529.54886782628 1666.3013723521588 0.14243321275949003 0.1454955546136778
521.7530724325225 696.9884477283922 34198.95142504619 393 380 521.3016715425225 695.0292450473099 30729.4761666893 1559.0702451612533 0.14528226828347493 0.14804573703011525
524.0209162940131 751.2176961715122 26076.308169140604 409 396 523.3994982330463 749.2798443391497 23677.819969632306 1282.0495558593739 0.15499088847443 0.15687949986690025
524.5181694935932 784.7264324055216 11467.796081512868 424 411 524.0303138669445 782.8834979066836 10417.398492744831 532.8153430862942 0.14667293088869768 0.14999877877399972
527.8084484573494 38.144099210972115 4080.086690320184 497 21 529.3473534906799 37.36321507614494 3056.960141667581 245.85694960821098 0.24883476347359523 0.21983902201798347
530.906595830489 694.5426417761786 18587.298937320502 392 379 529.1022000271382 693.1350573439776 16607.958472391165 683.3040740627796 683.3040740627796 683.3040740627796
531.3250309548063 410.6228057931547 34143.509450237056 248 239 530.7215426332301 409.2019684445714 28338.952450741068 1976.2661515877767 0.19948711742061848 0.20255060495961977
531.6748116358439 759.4581476188725 5628.148184359635 413 400 530.2051208174587 756.6579869708958 5636.63370442188 359.19068105828137 0.1850237431707824 0.18878022291516233
533.9799407892986 174.5240836178146 8541.87705149038 108 103 533.1976929574056 172.7923049543761 7637.4112325824435 392.92456225942357 0.14735211442658358 0.15172206015223777
534.4293289154944 41.116323377989204 5365.099729165664 24 21 534.5221887127946 39.35219349203765 4422.263911589836 245.9017354362865 0.17141221350518906 0.15363203266896405
534.6339396973526 72.00670124497418 48019.84923688495 47 43 534.0361152545485 70.11051916915875 44106.396019878666 2151.003911461684 0.1398360176892913 0.14212340018473552
535.4494596886187 14.597823602285189 4231.05117675535 5 4 538.0683868726126 16.160474815008858 3687.882307307634 278.89446846257374 0.23771783088488063 0.21576698735714064
535.9890974842256 319.2255112871828 4607.666362716174 204 198 534.9548305925376 317.2233959884362 4003.2949640940724 272.7158248858295 0.195464708983567 0.19778515737917027
538.3202672442559 241.18013924171123 19470.672955116504 144 139 537.6423186805459 239.23535590673717 17953.85011627054 940.9198488232034 0.1499303569846249 0.15212765658185412
538.4022713074028 942.1443125300098 2364.607192294081 471 458 537.7815598195199 940.1821903330205 2208.2640901790855 143.68971924774368 0.18611898525726825 0.1889357463759828
539.1146829256596 578.1400193387833 22988.76508233612 342 330 538.5775930381212 576.1472943781531 20862.37957915084 1129.9336231593832 0.15496816140885372 0.15750525300544158
540.5627697354892 102.9118403263189 21995.011800532808 62 57 539.9671923576894 101.01741534178059 20251.436168396358 972.6076621445102 0.1377740463458091 0.14038661372313574
546.3097091387826 489.1044633298413 24981.100210872548 295 285 545.751944022117 487.091091416822 23147.33165629489 1179.56098402378 0.14576647909990276 0.14846421935494358
547.8891914815741 82.0405445908197 4406.378692005241 56 51 547.2780323352067 80.11521709746337 4002.0806179222723 243.3984052237554 0.17415632405474799 0.1772063322622448
547.9296544734506 333.1448847509751 12255.462506524422 211 205 547.2873482817845 331.2347805643252 11133.092983498023 579.7431781990914 0.1491224690578158 0.15113804522867902
553.2841908800667 905.7846091807933 3688.9296924569403 461 448 552.6575672058049 903.9715947907831 3388.903156127658 184.28211437787135 0.15556724945475014 0.1589138767832758
554.8399994550413 537.3435856005906 4327.811566704407 320 309 554.3617725156089 535.1679278247269 3912.013826621629 234.0545875367033 0.17128592169417697 0.17390054093078952
555.7867316539272 58.691998191397545 26932.793706800272 37 33 555.058230366744 57.085220445294865 23639.247490496025 1288.3234298954208 0.15624209103675443 0.15895679856387093
557.0262823384268 120.98162820641943 11308.524725019528 74 69 556.4055641905148 119.02289586395682 10483.814900884712 528.9683976283695 0.1444124570913669 0.1474493766017944
557.3995930115728 933.3876385014009 3339.7451887990424 469 456 556.5401225160706 931.0535650432915 3161.206241334869 190.4967378832452 0.17243234093075094 0.17562293887604732
557.8164531185811 33.80205998968006 18901.519575903683 14 12 560.0867561099359 30.252316898636415 19167.323306713457 26.805955803202604 26.805955803202604 26.805955803202604
559.3246385800094 372.32085647527697 44606.42647864809 231 223 558.7470035709247 370.31331076177037 41108.44900261134 2167.085576161576 0.15079602675191572 0.15269624199622472
559.7399631686543 628.0325707340075 27725.81380963475 364 352 559.1741459405799 626.0998825690488 25552.555945858552 1275.366069240162 0.14300658390671772 0.14533654457285583
562.251965181036 516.1872195798771 49660.786986006766 309 298 561.714125499843 514.1247379206942 45896.9450358608 2350.448578366715 0.14649640893366203 0.14904000313269056
570.04176050394 164.76930260470795 11287.512219530845 98 93 573.9916531554537 166.16553644414742 11605.429627459715 989.7602748090751 0.2912256570548791 0.23086903811325693
570.1141837096189 483.767266190588 47327.412013184585 290 280 569.5189863719629 481.86394118661036 42982.36012340664 2183.3135562480365 0.14534580346393483 0.14919777267115328
570.8820771976203 720.8916221479022 9716.991876734377 401 388 571.0793737037227 719.0981966501313 8205.958009462465 621.6504202971322 0.21668554468505957 0.22056201002595346
571.5956848727656 35.22508127455552 43183.36347306835 21 18 570.783075969763 33.27178535911003 39632.535764660235 2066.1967156982328 0.149820777952293 0.15124853779118438
572.2982778625304 853.5997902399015 13108.139731444106 451 438 571.669289231112 851.697134695418 12010.920822087422 604.8129937981537 0.14404757725290568 0.14883546348499974
574.7981156064574 445.1250864908844 12821.65016560792 262 253 574.3051800125799 443.073703085551 11720.383725888234 609.1158866181976 0.14881496964206295 0.15150849889641255
576.1293731999027 918.0455141529053 29372.374617880232 465 452 575.4816617771023 916.0058669151479 27391.619520361335 1374.3839899430234 0.1435946713726805 0.14645797929161047
576.8481315225268 72.80244822128572 2636.4050953674214 49 45 576.0548182317525 70.56926447317667 2546.4242155193206 133.73941556991517 0.1504829802261133 0.15672957409655688
580.112983199617 788.3661578465243 20414.2104808324 426 413 579.4013128288328 786.2685944041377 19001.987987739736 998.5218834299549 0.15041758569584004 0.15228255220230894
580.6356820525535 678.3747144138435 2248.079661159887 387 374 580.1982244884714 676.4788697802671 1970.5468621855796 156.7396236407369 0.22786693262959953 0.22954224905624135
582.8254479257077 720.9800602839612 20280.62332740525 402 389 582.1973694655414 718.9704120029995 18560.383268504596 965.6008580534759 0.14904332374046858 0.152103553750249
583.0873914369635 170.88197934767624 103382.46205854401 499 95 583.464186182089 168.4940556650335 94344.64897616989 6382.5110749834275 0.19572025576168237 0.20133738606233065
583.6350142776739 639.6019691446082 35590.28418768648 371 358 583.1136151644413 637.7739554633212 32286.650391072817 1578.6060615152421 0.1401254410297545 0.1441005781954822
585.4563606361529 571.1776000712583 27653.687641556404 337 325 584.8979633461497 569.1510953720821 25282.82893365753 1369.4441996733901 0.15492579747662402 0.15749825619011015
585.5926528176826 272.8585970151267 56658.40625481429 162 157 584.6763820325044 271.33808303623147 48213.029624414834 2297.682785797816 0.13713419872960497 0.13798777423461334
588.8399819400985 45.478594386888005 14573.172787433692 28 25 588.2711279098352 43.74311985002278 12804.527382633247 718.3325904490597 0.16066316866399422 0.16134591043112267
589.1924492189927 134.08661906240576 64915.76312461051 83 78 588.6764326874359 132.21633110399745 59548.40401309223 2946.030866107694 0.14152510799534004 0.14370719616167335
589.4363219896109 217.85272562616393 2983.826329802656 134 129 588.9297626698204 216.00658132007982 2638.0786855444903 181.3126815805422 0.19656439416492727 0.20091488641206104
589.7525628561904 165.9870852260363 166665.83225391625 100 95 589.1523198215144 164.1082574130287 143043.32338122046 6353.5463944033745 0.1288429592471296 0.13036129980821015
590.7878059307271 14.455357732804373 28619.43921250512 6 5 590.1870965545377 12.515389861618164 26331.08108719199 1337.8159935569727 0.1455607788727713 0.14663010260558357
591.4880784974647 187.22563499359228 29489.1815981794 114 109 591.2147132810225 185.34488101639107 25842.987822349587 1575.2768960462706 0.1743715426748945 0.17647983712763934
593.4539839260246 263.78296649400806 11296.900421667977 156 151 588.7087511912572 267.47784907081234 17945.942919230652 1144.105161273414 0.21470109031873455 0.19144404019182798
594.8765588779924 70.0332007103247 13136.909744131724 44 40 594.2230386234344 68.12592450256214 12035.437853385482 606.6819176824052 0.1443816404887607 0.14682815763024656
597.6659018453862 321.9869655691615 20304.051389843982 207 201 597.4441860524953 320.08403016789504 17813.41334897165 1101.1054132635982 0.1769132124762242 0.18018769731031098
599.4673102797319 499.03753897402987 4309.171502728533 502 292 598.7850264441241 497.3025852385149 3178.2476494415014 501.6392511379763 501.6392511379763 501.6392511379763
601.84384075246 29.845429479416453 22630.804855428043 15 13 601.1230556923892 28.04992893593367 20571.920613137743 1027.6813150446965 0.14315370386683898 0.1458834951141979
602.7991716924274 188.4713819962812 28792.257701042643 117 112 602.0369443733268 186.41954226184603 26335.836540356253 1461.6542409707463 0.15914903127933513 0.16043267572752493
604.7296072919789 563.526156508786 149034.01173573636 332 321 604.2690787001259 561.7193879140425 134562.19997058727 6582.47970696798 0.14007622980844717 0.14456694234930492
608.8608598503359 229.67068734155572 23858.090932327577 140 135 607.8969269552609 227.9926731585943 20956.225444597127 1170.87544643594 0.1603768573713379 0.1634117394256258
609.3556623478823 733.2326412536268 8521.243822998005 405 392 608.9081429342075 731.1984003078026 7847.840220897151 428.9766321107887 0.15634621143541824 0.15869450654824377
610.025731562105 407.50786779828826 32169.052642613206 247 238 609.4042542021288 405.71259879612614 29249.049634901257 1456.3054048042657 0.14249215263880666 0.14726734854694612
610.4101048364852 245.53753860452412 34551.46210660614 147 142 609.7043182566189 243.79275966245132 30867.67135517678 1630.969118397456 0.15111849490194124 0.15577808843522062
611.7310213857319 171.59714802767456 14785.356112575213 106 101 611.0032750528385 169.96630452266314 13044.426995875152 708.4387937144918 0.15575291807806654 0.15901670461320583
612.1455849946723 315.20186034401354 57326.11290949226 198 192 611.6301790059614 313.6662089323992 47249.9725302785 3382.203900795573 0.20479272173520874 0.20602859157199752
612.745821219529 469.19145657875185 19152.78576422827 280 270 612.2027618450171 467.32504869462485 17111.72127500762 938.2234107476987 0.157073899529995 0.158752172549798
615.557518796544 360.7747728144982 11880.95447592175 225 219 615.1530049330546 358.99185372934915 10505.63211953445 601.0239738909465 0.16392617567975057 0.16727207783631867
617.9512900305425 485.25992490666596 21851.958285116638 292 282 617.3968217938008 483.27760230649284 20128.806495951983 1044.6837177739164 0.1485672300829564 0.15043268820139982
621.1136382368794 539.6803634047401 5207.6940136814055 322 311 620.5460180408719 537.5886819559632 4374.661349696845 319.4104165526539 0.20886139977715915 0.2172332746369103
622.6335011769909 856.5544081547353 28413.451145876305 452 439 622.0166895641428 854.70744950724 25999.19415100372 1232.0003225905705 0.13589266684698015 0.13999120838103102
622.9890207153735 429.9922406721388 29077.21783307967 256 247 622.2953450666371 428.00555375709405 26543.063197581276 1380.309527794378 0.14890987892104943 0.15194884110187815
624.2568239410411 273.6362267472907 261542.48627237126 163 158 623.5697556596411 271.90311541993964 237650.13271791188 11700.688364538204 0.14085930544441536 0.1444666325320903
624.4592071487365 529.8577261114409 10314.646641171552 318 307 623.8576705607323 528.2090830614944 8906.672210706254 562.3109504529892 0.18058306209153804 0.1832962310160074
624.7609500320618 641.9251232039428 13710.957865746062 368 355 623.4972896921366 640.5788994849747 10791.077617319168 637.1058630380027 637.1058630380027 637.1058630380027
624.8995739974155 190.64944487017385 18445.581380094874 120 115 624.362593784558 188.92657559064352 16371.849609081773 869.0339657668511 0.15194413919185293 0.15564404409443705
626.3446571783842 767.3138914400419 2767.945217854759 416 403 625.6122635539496 765.2402718378861 2568.2683687630647 169.50488337083004 0.18882819556892572 0.1913973146505333
626.6599850405113 241.70213060217958 3961.5263704472454 145 140 630.8644854550271 241.3923537516333 4102.112977502503 356.1456671313614 0.29412096620612 0.23725458132158445
630.2242183452776 166.09364287321597 9849.643803616944 498 99 633.8150131581453 166.83499248016986 10964.525670539091 167.3496677212303 167.3496677212303 167.3496677212303
632.6860529847776 209.73004725945793 26792.249661273785 130 125 632.1337692914063 207.9372513355679 24304.91732458947 1199.127060694485 0.14137236318217364 0.14459901414559334
633.2560382443764 412.7218876065858 21605.7328918687 250 241 632.6301572598186 410.9195940750628 19407.0312294442 1029.1876356503 0.1517134095811085 0.15544860902799693
635.5761128381685 351.72767155131453 113299.38699409302 220 214 634.9874910943554 349.960773492881 101809.85629991592 5113.736996020842 0.14407185965931954 0.1470286863733101
639.880146953679 193.285952797459 6752.719571113999 121 116 639.1262165089993 191.40139775242366 5855.272443248071 383.17538741502716 0.18754810186922988 0.18923393042679076
640.010577240788 442.8213905805753 23305.196172650078 261 252 639.4263441522488 440.9959583944638 21140.139898096182 1081.4704578633064 0.14642304912953066 0.14952279651824332
640.1030448176908 244.44322937711235 28191.155567070622 146 141 639.5243629389166 242.41487062521543 25863.31660316381 1369.6233784529786 0.1515385808906052 0.15307695503028743
642.906361627966 716.7357666484519 19996.456605405165 399 386 642.2796433091632 714.8068550701583 18443.665511731655 906.0439520962013 0.14067753817145992 0.14454035611369934
644.4071431115191 662.0171047946789 4180.116454037224 380 367 644.5702858208662 659.9704971786412 3596.7587482567737 261.0379545722232 0.20778878294245912 0.21220549473157269
645.6465711987266 645.1578982779231 4148.490326018209 372 359 645.2758300843167 643.1560128626267 3647.7445286231414 239.77483043336235 0.18824663757952137 0.19108194598486494
646.8667135747869 167.09699180562194 15539.901377501894 101 96 645.9234846484896 165.28413766987813 14188.095951383306 785.1318363238819 0.15881327666687065 0.16045232690929703
652.8193619071076 684.9509608186627 16947.041003402082 390 377 652.3446455018775 682.9037577060176 15584.463341736217 802.6954647919097 0.14746342302099777 0.1509654696095786
653.7323325608136 913.7061991667122 19906.38312972817 464 451 653.1604901016792 911.8213755295975 18215.864225776273 889.6684847254749 0.13994559023587871 0.1435399225268887
654.6672504392025 31.17916092113842 11163.595292890428 16 14 654.7274677664233 29.575555024203357 9248.312020552048 28.04992893593367 28.04992893593367 28.04992893593367
656.1327594980908 660.9386365613079 7844.936042976253 379 366 655.4660830930528 659.0708708144474 7145.003660605212 397.35156186611437 0.15916338374524103 0.16206612873704684
657.2597512128722 315.96652826565924 37002.416998617584 199 193 655.7036461270029 314.1734714780291 33734.18411608202 2080.021068925039 0.17735546947174394 0.1792631793762644
658.6305168051555 140.4412518219915 16459.508411071936 89 84 658.0183837471809 138.48772809162062 15255.452625405173 755.7098656133602 0.14206528156882822 0.14301217552892753
658.8291700729126 371.5334502141385 47001.96110631801 230 222 658.236036139568 369.82013336134685 42285.1040869289 2100.265533012063 0.1422488922232848 0.146202987711842
660.2563128536715 404.691279628997 9874.046517178327 246 237 659.8512652602153 402.99689379285286 8413.17072925658 543.5368747144113 0.18478735928300793 0.18883729298397725
660.5187364985463 708.7341837838414 13673.495224935277 397 384 659.9473254087521 706.7931101114451 12477.051289776378 632.6453040424828 0.1454853150145707 0.1492818064069669
662.4282650002274 647.5247448152363 2443.176347312284 374 361 661.308474615716 646.7250027412102 1959.3951990653977 645.0606228064843 645.0606228064843 645.0606228064843
665.3899546930555 213.55412833716736 60652.29070779434 132 127 669.3325575226129 217.00565298008223 73130.88067154532 5669.984143125211 0.2665236141493298 0.21516972818598082
666.9633402235585 348.2627190635876 26264.688334340306 216 210 666.4382394137706 347.02997451537874 21422.993850798888 337.95426306621744 337.95426306621744 337.95426306621744
667.9113512251795 37.462266043909665 52744.1983168363 22 19 667.2667299207063 35.56157289469142 48220.408360397705 2500.902603518942 0.14853355412105554 0.1495523709002401
668.7859876852687 358.2761481402853 18120.17100925008 223 217 668.3596775060273 356.2351573084522 15882.831533219365 1058.796156546692 0.1908500186948549 0.19346462673879553
669.1925123816767 284.7154091203352 43680.72003520086 171 166 668.5419956994403 282.9920287281083 39268.51154121711 1995.994534448249 0.14543733495641614 0.14863931134635433
669.624432304021 297.55578910805434 5804.4999532707725 186 180 669.0361625132427 295.47691656920506 5105.967029236342 331.88728989098473 0.18625454326250873 0.1948396219887773
670.0709258721664 685.3213975361431 13709.345436342377 391 378 669.4454844117473 683.3040740627796 12661.782477447387 668.6040581796461 0.15113494685071457 0.15291644996452916
672.4509661607561 253.91171689321766 135474.71874753694 150 145 671.8054379406615 252.07737322579754 124228.92905151525 6188.415973931574 0.1424849292386257 0.14525934060326848
674.0059919471411 829.7589466925949 6786.6999480305385 441 428 673.5926018020891 827.9129511714784 6100.628835863372 357.21900569740086 0.16753632815721414 0.17150330033349898
674.9457910136468 960.3794112408738 2218.607503171243 477 464 674.1493707703735 958.0668871454272 2078.5666410238314 142.37179054448836 0.19627412246700301 0.1995259829345871
675.5695746031013 479.65437935299036 15063.912665747708 288 278 674.9955172475138 477.8511626043439 13701.798887004092 669.355751594122 0.1401117451648271 0.14356402546471164
675.5782217330401 418.49034789368477 91036.03724356106 254 245 674.9945121693266 416.48393822728457 84538.05268284664 4236.043780636054 0.14372818845030302 0.14462512441646935
676.0222059302728 222.32894364036866 359198.16007706156 135 130 675.47025704873 220.44135052025842 328633.23230512935 16024.0524978223 0.13954882566202093 0.14087456486270442
677.0330240707951 446.17400815533045 10813.731441254473 263 254 676.458887700644 444.23370651786234 9959.507344558373 524.4340974553023 0.15070674917924376 0.1527994891586211
677.4080801441361 521.1311913865417 18528.304739079915 312 301 676.7349611790271 519.1203735402365 17099.142440317777 882.9643599017808 0.14771658067311147 0.15029442841881524
677.458855730344 750.3647479136017 5233.20119016912 407 394 676.7923224408398 748.1706842130267 4877.338474463556 279.87709901340105 0.1641426910885677 0.1667114452535407
680.3337845043095 839.8236063740271 2666.6684335522627 444 431 679.7857351100549 837.6795036520416 2323.333455871132 837.7418951427551 837.7418951427551 837.7418951427551
680.4534899979138 188.09329066757005 47331.309122717124 115 110 679.7812613990646 186.1575061610974 43864.23841047108 2163.7120129382233 0.14109542520281887 0.14350419398191339
683.4461567438977 777.6925642308727 1559.016447481361 420 407 683.6433288106117 775.5239882847205 1416.8773661894293 117.2907990785682 0.2370194073835245 0.2469418834271965
683.7531276838633 350.65416042464216 3426.2519144540643 218 212 680.958628273066 351.68216823451496 2995.2252236295826 348.17682388426596 348.17682388426596 348.17682388426596
684.4844847021998 311.05696689305177 2650.398851349783 193 187 683.7319814569806 309.14480875892554 2336.465933117208 157.07126766887154 0.19230508909712016 0.1956005082047038
685.6723940498107 767.2271609938209 3800.8342840469895 417 404 685.1776875791539 765.2600399502608 3406.0518186306654 216.46336497671246 0.18208350593588468 0.18421138741731705
685.969841781367 287.7874395304816 7298.8306898716655 176 170 690.2727340313286 289.40081425959255 9260.807013019517 680.1336864244346 0.25349842102499553 0.19049307163722123
688.0961296008106 664.0821487484957 11879.039103390722 383 370 687.6864678333565 662.0675516787651 10963.983897030068 578.3010807830334 0.15089452886914617 0.15372412078449066
688.6025091134493 508.0787448411081 16527.42732690211 305 295 687.9165159199914 506.15425641454635 15133.89999793838 789.6576863980569 0.14975686514304565 0.1517246276677497
690.4201892753556 42.57982947682649 8526.343142927071 25 22 689.6597465706418 40.8168765835319 7890.533237633856 369.2585668341997 0.13384335238744155 0.13790858041235113
692.2265741659884 844.0471489932479 4802.147624625675 446 433 691.4657162013011 842.0337583851758 4374.867286077434 257.479876335013 0.16844229141900385 0.17165388691316474
693.1885320355393 965.3473112915335 3711.3785072072496 479 466 692.8269099273601 963.3972246226501 3330.4006568541754 201.84858237547252 0.1733505751570747 0.17511435766537103
694.7453182208912 430.9915167959513 25274.001689763663 257 248 694.116296201716 429.1497065973238 22865.598986634534 1182.7837047097817 0.14825450862145148 0.15045335379207248
695.9699222408769 292.6890357288416 25478.66331290654 181 175 696.181804016376 290.755285290263 21869.142605418445 1201.0912001349404 0.1570764376130433 0.1621722214527266
698.5816225030541 656.9673146295337 5141.683918613687 378 365 697.4398061961994 655.570785583914 4393.915443006257 300.5545753039845 0.197538894861105 0.197109792506816
701.8326678834098 576.2831360485543 33543.79012129795 340 328 701.1842462112454 574.2569451406321 31156.55059383063 1583.6279208459798 0.14562420014834146 0.1473782121339218
707.572271245738 283.9634387622426 138963.1761525882 169 164 706.9460145873712 282.1167597642719 127482.36916215657 6172.081371660157 0.1389181439251716 0.1409979342778519
708.3231005958115 974.135353488782 7522.767311976348 482 469 707.8296442281079 972.0988732728705 6953.654454875548 373.4913766194134 0.15363515133292133 0.15630356437106832
710.1821151439335 238.4543185632307 41186.87459416411 143 138 709.4629012015324 236.77745377239495 35825.96716549494 2105.0320945750614 0.16816598055343854 0.168888466352742
710.3750491813518 147.69987580341711 40430.33074888863 92 87 709.7476426532558 145.89488679275996 36782.23295248113 1861.2605544313901 0.1447277888304276 0.14857577568419136
710.5077353731991 555.0609875899302 19093.69414564286 328 317 709.9736225009077 553.1779327387221 17227.79794194336 889.3834785959759 0.14810122054564812 0.1500030361026429
711.9938164222568 451.27975926907675 27798.604698458857 265 256 711.3068828831406 449.22385148912934 25451.113197639806 1381.0145067755889 0.15537681211484286 0.1574944432590158
712.5215330634649 123.01330105324843 3158.167449994468 75 70 712.3604278913838 120.7965797974848 2866.3461098680023 180.29446057613396 0.18002955968249945 0.18548366297958047
712.6047687569569 704.648187666462 13225.026083609957 395 382 711.9982865808842 702.7550551017265 12072.549029272643 602.8580854365085 0.14322055665455083 0.1472664175187278
717.1492134646141 416.1081927784236 53914.0134966802 252 243 716.3847930472205 414.0751046622846 50445.93304476311 2624.624451123907 0.1489390287933298 0.15167307811030725
717.7928292219057 507.91119792987223 18898.819915666954 304 294 717.1885922355409 505.87923915143324 17344.485225061962 923.5522496415971 0.1525435297460287 0.1562883901793717
717.8568357779021 777.6706642070205 5629.556616168879 419 406 717.5039772035357 775.8907832666741 4852.4305961164155 311.28152026833015 0.18357933479220487 0.18807038765388162
720.1944777032899 795.971097452383 16073.755754891132 430 417 719.6994385027626 794.0473214142694 14779.927535874842 755.7141326552355 0.1462747893745453 0.1490751039825878
721.5691280049479 620.8213093263694 19201.515094711736 360 348 720.9617335125573 618.8022514535995 17892.63237148117 878.5140281661124 0.14085836800805945 0.1445315090696111
722.5629287801655 167.82793552578448 22385.368220034637 103 98 721.9538554640831 165.96513919911723 20345.67035512289 1001.7544212280034 0.14125363365844756 0.1441673401578236
723.319056066883 215.5249094439107 39906.00310328337 133 128 723.172951234579 213.46473996306 36256.51365587683 2054.047759771437 0.16193088186131138 0.17000390052233985
726.1029967692809 828.4012976031916 2433.548853186921 440 427 725.9567284755785 826.2371650748288 2172.3303529053537 148.230334463269 0.19517364350842922 0.1978731431039467
729.1198961108714 22.778654952152692 2247.039215872312 9 8 728.2890551301281 20.80773789951074 2206.2485989800666 111.75670853687966 0.1450121969256822 0.14934550479129743
730.162219159386 513.8872804133439 22184.313318992965 306 296 732.2384765031129 514.029822066712 17219.27989160022 1234.6525796399872 0.2006866928196489 0.2128918797570432
731.7251283286137 983.9607239200618 76964.30664493682 486 473 731.2015599748647 981.9445676068956 71637.8426454871 3473.303137202132 0.1388969208100229 0.14179566776280533
732.9252070119378 193.91971203345372 32846.57576040206 122 117 732.2196567705271 192.14653489155373 29739.43596036941 1522.119390601524 0.14660604824403028 0.14894522452450176
735.1369042059741 519.3594309031165 28224.765789632525 307 296 735.2381491703763 518.2342922628688 21702.73604520559 1224.7632553067879 0.15687418584256227 0.1681393474264003
735.770792964088 784.3887476699788 25901.44792257927 425 412 735.2366961538099 782.2624051084714 24184.17512930006 1235.680484371456 0.14634877685876693 0.14808675249674416
736.3603964027693 114.81982035998078 2120.7219760145663 70 65 736.2724531140252 113.10519460339661 1796.6017661403835 136.19108828347038 0.21686548597400893 0.22091109656181443
736.528479119725 78.0765446741155 19713.55046919173 53 48 736.0848525862596 76.16686580795506 18004.517766381097 952.2002474267114 0.15159521639142656 0.15385142963156617
737.3442496638663 258.2100504283292 6083.965094456524 151 146 736.557040179923 256.37522192859825 5618.075740494018 300.8068815021091 0.15320858648870145 0.1548929950134441
738.3508632476254 291.7326869654388 25919.247572426993 173 167 737.7299257867119 290.07390530595177 22147.57695221164 283.94179741590887 283.94179741590887 283.94179741590887
739.7268334851328 560.1409299535484 9146.373155894635 330 319 739.1560692684226 558.1388350216831 8417.85225084629 439.5181534339234 0.14961253329230614 0.15187379586696498
744.570621727785 949.2465228207445 28695.13438697142 472 459 743.9392960739469 947.1516573736052 26894.531441607927 1333.5572404386587 0.14228162642601613 0.14408767416139256
750.5810600674788 413.8766462972499 6128.686688995663 251 242 754.0978115850953 418.0627430129157 8713.92722924654 530.753695780571 0.18010152528263373 0.2069683618698111
752.6505805103059 70.21698355950122 106574.92875533883 45 41 752.0915878599865 68.28657102578946 97756.94990522416 4869.055775325725 0.14276752960026023 0.14442813146027794
753.3497144988512 136.13601955504697 101384.15137223557 86 81 752.697772122137 134.27181077561636 93709.36440857775 4625.025921883353 0.14119070980577117 0.14314891004524863
755.9244237614232 526.401782327801 7495.632567321486 314 303 755.3267443658599 524.2612790928779 6969.264486252281 390.7998042675604 0.1605581838043476 0.16258207207185602
756.3878843630055 424.06263508044105 18195.910035310793 255 246 756.1547830395141 422.9903160051436 14738.799822933655 716.6773624528468 0.1390970927019664 0.13946937614627655
761.0909874020537 34.495244995513815 8564.815781129144 18 15 761.1852291381784 32.2614044050248 7395.470695684478 509.1698862449792 0.19918311382220838 0.1995900120915878
761.8562440886406 290.4869145917978 9966.216244606576 178 172 761.3727859087999 288.47747623429376 9087.865426959066 498.604549332974 0.15706896813423946 0.15838808675561808
762.1057036985226 117.27799841054969 37252.217804075044 73 68 761.4603881947202 115.3226386298254 33995.97157702311 1767.75588304403 0.14882206320986546 0.15063594691742205
766.1296306286682 517.2097823489008 4365.2332937142155 310 299 765.2922335140652 515.4836279885652 3869.564150606136 241.51502154455514 0.17873128500505284 0.18011826412124957
768.1261387684096 357.17986865762225 4259.755561157968 222 216 767.6343965710935 355.1364067763201 3919.5606762485136 218.7244333829484 0.15965406585859557 0.1623867065486706
769.0118853925268 30.66694228531594 11393.443772535344 17 15 768.0877479617905 29.023291397731146 10034.687795990932 509.7825223449524 0.14698792627859233 0.1486171790608209
769.2482124517851 605.4410168666825 1879.5368078691502 351 339 768.6952564888825 603.8140002129012 1676.7416581209607 134.7915012879289 0.2299686450470278 0.23092297290677213
769.8370924625638 78.45589226775246 12260.166303509428 54 49 768.4538171360542 75.07739799212129 13386.78941071439 810.4443374272043 0.1742029640813758 0.18703677578894243
770.3640480760621 208.94132023421082 52570.315236202856 128 123 769.8438144066416 207.0559880085423 48001.66623119552 2483.3042424479754 0.14797225656046917 0.15097135743679585
770.7960444047094 466.14798278048585 16163.755245990935 271 261 769.7188370904961 464.97062187467367 12975.19203195782 460.53575012507775 460.53575012507775 460.53575012507775
773.1498923157085 950.3929914919559 1720.5971258599375 474 461 772.5203223614317 948.0641962606652 1643.900058769561 121.62978576557377 0.2117293285747406 0.2155401812755726
776.3668611286071 62.051341749879896 97781.74223924811 38 34 775.6493564043768 60.11579073863773 90133.29342917132 4601.661726622091 0.1460527324841791 0.1487494207798619
777.2629229717861 895.6599524206297 1023.822787048938 460 447 776.7250329250224 893.638531365442 1049.7869050287864 88.86727235552749 0.24214778180922528 0.2508758973838924
787.6033910941171 718.8293825458143 13452.395983839218 400 387 786.9255155943715 716.9361389760629 12142.042984451968 678.2530498120205 0.16030763884077873 0.16351165390940392
787.9965838176762 394.56360931313327 10967.925037837782 241 232 788.5378756605573 392.16858916761953 9987.21840618859 701.0023044058523 0.2005577893270029 0.21481522256180355
788.097334177584 166.79706420282173 31652.612515620844 102 97 787.3336064590511 164.97518072631294 28506.469789976887 1475.47212888761 0.1481806436323556 0.15149092311333964
788.5758050604795 197.45865166878593 85562.4411564248 123 118 787.8528530914564 195.51782208478411 78765.83324883287 4219.864847253664 0.1538487087396227 0.1545717718154542
790.021256749608 683.1458335351147 3632.155890739465 389 376 789.6940407945734 680.9838858769294 3408.2529865458014 188.75627715926456 0.1584390362686127 0.16184393362262914
790.344926002448 222.70742327623435 47984.32879841044 136 131 789.5337615600557 220.98529399790922 43670.18375058543 2245.7796579994642 0.1471470782935003 0.1504373997829381
790.4383865231036 267.9380894083492 15449.183024074151 158 153 789.7556923698929 266.2558185611736 13774.038789369104 743.0909933269778 0.15432671975240034 0.156498792872534
793.1057656714245 846.3634854100301 10162.42995178555 448 435 792.46405531568 844.1883186949032 9680.48893717927 487.1732317078566 0.14403273973978659 0.14611197993564193
794.2968392041764 485.6315331988974 270239.0504918136 293 283 793.6187890159173 483.78530983439117 247021.315044068 12462.8137769093 0.14433470921448605 0.14867682376819868
795.7258463718765 386.62233786017407 38028.99090835663 239 230 795.1424201865867 384.97161456862995 34037.08232709005 1706.2440001502732 0.14364455622184208 0.14665895939838225
799.621823383799 87.11065695122329 15024.148977537998 58 53 799.5783945556909 84.83376865443182 12844.773205167134 1019.6622276994018 0.22708579886290772 0.2337201925071476
805.3402757144853 59.88477055381503 8176.399445598046 34 30 804.7382165257161 59.18510911719508 6377.329178755347 51.179907939447915 51.179907939447915 51.179907939447915
807.9896944169595 976.0910428580091 17373.098668259805 483 470 807.3572250629486 974.0549274521792 16255.196678039594 797.588748641941 0.1404760124892113 0.14297224955933444
808.9465268145989 81.27940222619122 23200.171322458278 52 47 807.7382764005473 78.61648898241069 22630.974030826073 72.67641093601777 72.67641093601777 72.67641093601777
812.0531273533868 526.6073899013463 10157.7894518971 315 304 811.430837177409 524.7517214134228 9251.292749147666 472.44639985127725 0.14615581730565397 0.15070139082993378
815.0693000595923 387.8277671570194 12373.322374814896 240 231 814.3766025331677 385.9646806004224 11188.195309810964 581.4586885386964 0.14877434400169298 0.15208267196364822
815.1607538165786 418.05176999504624 2385.5024095980316 253 244 814.5213431803561 416.07467781322254 2222.316050905815 132.23612913625644 0.17027863025291268 0.17346012740201097
816.0376478423722 632.9079599916251 11051.783891104767 366 354 815.604561449315 631.0225582655331 10093.595629734904 520.9408784102629 0.14767101745019504 0.1506399631149558
818.1823298332108 955.4636900076964 45761.416190746786 475 462 817.6779713922099 953.320084307466 43413.94245412649 2159.6963637877648 0.14231281987916558 0.1439555182270245
818.3369182100241 826.0938478099345 2961.2510789072408 438 425 817.8451930500702 824.2330349885716 2762.350805558627 148.54974399530246 0.1538252985060799 0.15595559017829727
826.3016505484704 848.6702994798584 3188.0391197978374 449 436 830.1020026613031 853.0239456756433 5403.934556489048 321.69411088259596 0.19325157248207123 0.19051046064980312
827.0787910744149 654.6433699335956 32358.603087044215 376 363 826.5411419098194 652.7159315236304 29706.824008025345 1462.5360776878863 0.140867221220949 0.1454667652923438
830.4279544756275 295.6854697137049 5827.888681127249 185 179 829.5521019182042 293.5372946426399 5403.04344215588 311.54827277130687 0.16490590262291266 0.17221016636582645
832.1380687204799 317.20195308931886 3212.922846940006 200 194 831.6700529941413 320.81245116615725 3176.3704136108877 259.26110378628306 0.22473530653901905 0.27452427471904445
835.0539113161267 912.2692359550801 10677.152892902286 463 450 834.5080983891365 910.2560797325502 10025.43681518123 489.668054305181 0.13977236081605648 0.14155175707411582
835.5603170091795 861.9151122692654 43983.58147358408 454 441 835.0616689951548 859.938570942771 40676.8824033175 1959.3657465425485 0.1381009533961008 0.14093750436631097
836.0986063778649 513.6916244314345 11033.039140832334 308 297 835.5854654080998 511.88983032017654 9734.5701994395 552.9500301066674 0.16252362798273415 0.16664121700544754
837.9251256740245 979.9870611321014 6903.649348027228 484 471 837.30228725438 977.7463468575299 6623.0945747736405 318.5813318865108 0.13774025954473051 0.14178997053622966
838.277929697347 739.2445564452825 24930.7163886898 406 393 837.6866358787647 737.1905047453026 23298.84166499731 1166.0882227311306 0.1431856478002253 0.1453219494099114
839.707876725538 394.45274337681815 10853.478672158733 242 233 838.9902539816437 392.5259784989633 10046.38569960242 505.74713874194566 0.14439786435236593 0.1451877983822639
842.9271461238241 492.6699926736969 10469.663098902663 297 287 842.2896722753215 490.9061654720936 9527.07997952272 485.016486061296 0.14578176459319217 0.14926534829303414
845.25669315815 599.7837422047113 37545.62176954782 349 337 844.6880759790436 597.9097185365808 34661.59368583819 1685.5678941136193 0.139120071763703 0.14252035779074992
845.6460590815336 334.78378351879167 5721.458213374074 212 206 844.9562820804357 332.87339162451786 5153.15855079426 292.074332362535 0.1625983997315149 0.166472896569636
847.403418076073 133.93943960534182 1357.8532304708249 81 76 847.8945265889395 132.0732070229308 1235.4712433344248 118.70120117213999 0.2755617308665201 0.28024665213624067
848.3902581501776 529.5295657381839 28794.847954810055 319 308 847.8593404913784 527.676726535011 26287.222366480983 1272.5421132005863 0.13844806336297458 0.1433640765837651
848.679510889657 666.0652532022402 1343.407173564501 384 371 848.1307465446445 664.0244004709543 1250.8548770053048 90.23606303794715 0.20673988778171096 0.21053185666141927
853.6571387230448 455.9064617482271 21241.328598318156 268 259 853.141944002129 454.055473837926 19211.64655023967 983.1529660395416 0.14664731345466203 0.14926122468157102
853.977128621836 373.41121046279534 11009.793243656995 229 221 853.3568656977345 371.45117083339744 10030.796421408684 367.60365633675 367.60365633675 367.60365633675
857.8550648302872 472.8256428500461 14757.836276715847 283 273 857.2918325754717 471.03920505575826 13432.49551883533 687.34375281539 0.14653316018333054 0.1493206934612409
861.2564129090118 135.0416478567488 6522.55694570671 84 79 860.5363081242874 133.09624628855107 6017.940738325486 306.30665116474796 0.14564358904187402 0.14836127336647958
863.7345412973673 863.2962059183803 4566.4725230369595 455 442 863.050345140359 861.0171211951528 4450.727592561112 229.57376621030556 0.147893909240084 0.15051126371459925
864.3163928303494 837.0879828340296 24081.731335383633 442 429 863.718141708986 835.043405255253 22570.717107253924 1127.6516072624163 0.14292951290338077 0.14566243879869506
865.0068343728772 284.335554716943 8802.653124955546 174 168 864.2072479492191 283.0287469294723 7348.514969395769 510.05061838805756 0.1988358927222891 0.1990314079205057
868.493268031742 578.0552364384802 13682.799202109101 343 331 867.798240712071 576.0995096252507 12701.295259516164 648.688106172055 0.1460999704871535 0.14871631843691285
874.1650793861726 179.66873331988637 23123.47906067147 110 105 873.5356020044057 177.88888256177876 21215.58923068215 1009.1890956602826 0.1361013531877313 0.13968170342366223
878.7176672100105 647.3480787176123 24191.101875788478 375 362 878.1698622555327 645.240980590621 22864.087475445947 1088.3927019872197 0.13639358459653833 0.13805844180432214
879.8146878622806 527.0164801572234 132386.40046538116 316 305 879.2087260052878 525.003969810981 123669.9655754649 5961.384962292522 0.1380882296479062 0.14081529020685576
882.7807581671602 801.1028820267892 2430.6991830212014 431 418 882.1812767541629 799.1794218885447 2355.573083967481 146.3108987702678 0.17795666826473028 0.18038576162193903
886.0858460810828 375.3146532841454 7136.920447989948 232 224 885.5824084582003 373.35393103356057 6504.86811291454 354.71788205872986 0.15603587858236623 0.15779155485911894
889.8867814220474 23.487486275420565 1216.0657445256693 10 9 888.8696933121618 20.92911060509383 1487.450118790318 94.70658040626189 0.1827697089409836 0.18675315845037593
895.8532382424283 475.3718924583841 24206.7671033708 284 274 895.4004559668309 473.30788139983275 22216.97882598193 1170.9087304748314 0.15087135732472662 0.1526401981483738
898.3918405763931 779.9040530010516 6272.061811837146 422 409 897.8230288991981 778.0507764559673 5731.469607473687 305.7243775074039 0.15258974094638805 0.15549642141530542
899.6893635608556 500.42470050527805 3165.114914609375 300 290 898.6096384768632 497.98909078117856 3320.009344791898 166.726603348079 0.14460673500594515 0.1467935311034114
904.3254105872193 547.5866626284595 7847.994610326445 324 313 903.7598079834723 545.6931346288852 7177.832264638291 365.2954227695847 0.14556498527315984 0.15058334431738965
904.8910757002495 114.5067359388168 5588.582952579285 71 66 904.2630854933764 112.71110129275205 5276.718746394868 228.02796433223318 0.12371828196806496 0.12794616072613504
905.9190716224631 352.35100464568166 53307.74334939787 221 215 905.3236875378643 350.4097243401441 49262.134593651295 2452.916038274094 0.14257666152425974 0.14391698156062963
907.8493541439736 172.39352765528048 20536.203295851315 107 102 907.2340829419805 170.48024554890526 19174.935415661865 918.1913007914973 0.13716091844713613 0.13824361810106617
908.6553908451276 63.36423880164557 7883.4899728445525 40 36 907.9576357945766 61.301914927341336 7636.209794065302 329.1608366934506 0.12366674387866262 0.12494166123351691
908.6579550612737 589.7873679921323 1657.4273674233025 346 334 907.3690703361259 587.9399609038331 1628.6703550533914 105.9408133074761 0.18807159497520465 0.1904441272055982
915.7183129474242 783.9164878439226 27197.349136127064 423 410 915.0835444432889 781.8869639887268 25486.555600990447 1217.2993932771162 0.13691541492187737 0.14003891206712912
921.0000372337513 458.77390567819714 8426.477444690898 272 262 920.1501665718474 457.00862091091653 7702.125174521761 399.7177701997524 0.14870961560118956 0.15160067588378912
921.9074221900516 268.11285739254396 33971.01267814996 159 154 921.271638592867 266.2528640578166 31137.92364436504 1529.9720503260498 0.14071930594540102 0.1425416845671544
923.5862215486894 205.46499431831364 2024.437122460105 126 121 922.8138598872143 203.4818152419061 2043.7126183005435 110.99104185719106 0.1560086519686315 0.15678238616714515
923.9324208604899 610.8311422165456 2285.6405066672014 353 341 923.2978147093008 608.974425063069 2178.6228854085466 120.26010388000044 0.15807221258941295 0.16138515289608277
924.5146482031507 374.3658049170774 23034.013328259287 233 225 923.9505062401046 372.4562248553221 21407.79529887888 1049.7539106856016 0.14069502304766024 0.14159904184617442
934.2225211409636 70.0506500710249 1524.9449827632636 43 39 933.7430938810586 67.75444192155939 1538.3494117144025 98.04955390534414 0.18227462180249027 0.18833563737985606
936.1503352114346 885.7238498391556 5633.495694627818 458 445 935.48264879217 883.8739109357034 5352.199836820676 253.9151743341858 0.1357788523687024 0.1391294688910016
936.220221095597 111.15259459201172 18564.46016071136 67 62 935.5611139710436 109.21428900077814 17420.970587926015 822.5320187465071 0.13510243032927519 0.13714644935794518
938.4957605623867 314.0028467191297 9458.266426395316 195 189 937.9325884620363 312.11637436676745 8757.533296390955 423.6645925991306 0.13838270808532635 0.1408634284796214
938.562310379772 460.29384690306495 13030.098499758788 275 265 938.0116138207358 458.29553383299043 12084.086732544398 611.5250353988768 0.1451344888265985 0.14661168292412716
943.888384785103 150.67501936139155 34110.42934527952 95 90 943.2299048550618 148.90403199674222 31334.41625291327 1451.030435577648 0.13262485056372464 0.13590645078057112
944.02926023805 280.6696998131803 7905.478233236683 168 163 943.2948953013635 279.0368039745733 7286.515894801558 346.0854641691213 0.1360085805685033 0.13866643414443974
944.6244568189859 492.8225964652753 40144.26282394972 298 288 943.9973863833308 490.9290177214304 36996.83470881199 1773.464842486172 0.13748366288085936 0.1404207462788273
945.0045314376018 298.098385078211 8105.586400977275 187 181 944.3513819753267 296.1657233365057 7335.705703470957 392.6699451433235 0.15325563246133023 0.15564303620981926
949.6218284523288 95.40087532262675 9528.122557986078 61 56 949.038454463174 93.49218394264402 8799.225685727177 433.60290010356744 0.1412975511249873 0.14224502343632203
950.8737403415021 171.00392338578826 2322.0389841376673 105 100 950.3776623992144 168.92341281755682 2312.4993916584745 112.88161126337116 0.13972732149579292 0.14314100515583209
954.0579098981277 383.1181354849807 35216.64795022475 235 226 953.8369060935862 378.9342780308524 38277.20959849046 372.65371506825846 372.65371506825846 372.65371506825846
955.6454424021875 459.60259442645145 22080.527327302952 274 264 955.6766591900648 457.99155879422966 18709.04093499103 1258.0790884993246 0.19238419362485384 0.19654217373719793
956.1970662745214 403.8932434802316 43493.00305754464 244 235 955.5408860622869 402.03435900406595 40120.45676711739 1968.5885430398173 0.14041018193014584 0.1432208197962779
961.9134306962287 857.1026767411415 7726.8009433722 453 440 961.2667485931929 854.954474360097 7508.243407915679 328.13903298535774 0.12516922102966052 0.12779367620870213
963.5348232483452 112.5740708111486 17982.811685219996 68 63 962.8645158202763 110.85047620848528 16405.789607514627 765.6745435510413 0.13397333858082094 0.13729549139451527
964.5333796983548 463.9157294049717 15763.970275197484 278 268 963.6481121385261 461.88072695575516 14709.550386626295 748.0526592626935 0.14635119984346107 0.14926977595037466
967.2787005874433 646.9506587621104 6473.600365399305 373 360 966.7517097119055 645.0606228064843 6064.637798173581 300.0017225439705 0.14151849171056136 0.14419118741711331
968.2685100759936 163.90282545162614 2878.4204352620413 99 94 967.5008449055567 161.79209323359945 2795.6088901508188 129.4244068175359 0.13246107415213465 0.1365146798041646
968.6984123025819 970.832523039957 231830.83712411777 481 468 968.0718751499137 968.8191565654929 217882.5191987954 10211.356285265781 0.13435726152390035 0.13771711210323878
970.836583914169 313.49956123083814 46877.37135636956 196 190 970.4211387880564 311.5862268735573 41893.86590700055 2410.101047330127 0.16467777351703125 0.16575563459980944
971.025578078155 778.7421481355791 8284.932004007662 421 408 970.3404156136163 776.7163142969201 7841.9267720633015 354.540393448478 0.12944075223751803 0.13352372284398598
974.4681750832067 558.4884990004352 10955.787521423841 329 318 973.9345981964616 556.4150900151351 10337.676553130887 522.7790382987597 0.1446615805831683 0.14610533433833253
979.0923769876197 704.9120944453132 13058.085323028055 396 383 978.3561474978509 702.9579600809734 12192.760038927754 607.5086514429495 0.1426542989719284 0.1457224132612255
979.9037457703562 813.5258789792217 3485.834123406584 434 421 979.283130281435 811.5615042920914 3396.4808008384734 164.74055066860078 0.13887932437488973 0.14435692451293966
980.8936584638766 458.6276411081001 5937.043982457796 273 263 980.273813254202 456.734234537237 5519.333063638437 272.0115083764548 0.14112100516815776 0.1455760714557579
981.1772280327183 294.79776667660724 1072.4701639726165 183 177 980.2883116033285 294.56989693258134 878.1660834345079 101.7800171952887 0.33191021808314053 0.3315539273021982
983.2909530532947 615.6586135234586 3446.831617237805 358 346 982.6852731761787 613.7023149518722 3310.7961588112166 160.6838077628461 0.1388375552406447 0.14350290217056522
991.3294927955981 52.32131318740477 21378.18822324581 35 31 990.58492066886 50.40864258782237 20192.42870480179 950.0386944880013 0.13462749449050768 0.13603769647830358
1003.9176107044888 468.06803705714367 14861.847590424648 281 271 1003.2490102643679 466.32908527317556 13129.432504716091 728.5097001143325 0.1589285528305599 0.1606194478228282
1013.0200225041613 299.2934315436071 4244.421032266299 189 183 1012.0806792938596 297.3892910461378 4444.4089457277305 178.8299343593869 0.1153466170310233 0.11635058894808685
1014.9932149140789 332.9253977069731 4222.513597041216 210 204 1013.9624586575598 331.08946425598833 4292.184405906835 187.27815659487004 0.1251746086829662 0.1271503852941608
